  2       -0.22427914E+00      -0.79242729E+00       0.67080031E-02      -0.38725248E+00      -0.20650943E+00
  3       -0.88104193E-01      -0.51897482E+00       0.38466243E-02      -0.25427348E+00      -0.57905334E-01
  4       -0.52039274E-01      -0.38170128E+00       0.45459789E-03      -0.17284704E+00      -0.15564349E-01
  5       -0.38631959E-01      -0.29644837E+00      -0.17007769E-02      -0.11649213E+00      -0.14654044E-01
  6       -0.31312638E-01      -0.23702290E+00      -0.23990941E-02      -0.75624135E-01      -0.22226734E-01
  7       -0.26531126E-01      -0.19241821E+00      -0.45671599E-01      -0.17007542E-02      -0.30203439E-01
  8       -0.23264463E-01      -0.15715086E+00      -0.24836850E-01       0.49643901E-03      -0.36460553E-01
  9       -0.21029617E-01      -0.12816773E+00      -0.12387817E-01       0.47462167E-02      -0.40422384E-01
 10       -0.19516515E-01      -0.10362961E+00      -0.62762655E-02       0.12773181E-01      -0.44704334E-01
 11       -0.18509465E-01      -0.82361606E-01      -0.57173292E-01       0.29738229E-01      -0.29982304E-02
 12       -0.17857732E-01      -0.63578510E-01      -0.10265243E+00       0.32035329E-02       0.75267058E-01
 13       -0.17456370E-01      -0.46736595E-01      -0.94624759E-01       0.30261268E-03       0.75262011E-01
 14       -0.17232110E-01      -0.31448616E-01       0.39625203E-01       0.57009888E-04      -0.54473475E-01
 15       -0.17133309E-01      -0.17432587E-01       0.28307427E-01       0.13302884E-04      -0.39498922E-01
 16       -0.17123091E-01      -0.44795972E-02       0.23914078E-01       0.34477714E-05      -0.31996352E-01
 17       -0.17174744E-01       0.75671240E-02       0.22006086E-01       0.94986298E-06      -0.27396121E-01
 18       -0.17268657E-01       0.18826263E-01       0.21168890E-01       0.27180395E-06      -0.24200689E-01
 19       -0.17390265E-01       0.29388115E-01       0.20842102E-01       0.79646376E-07      -0.21789805E-01
 20       -0.17528647E-01       0.39321442E-01       0.20770692E-01       0.23675047E-07      -0.19863199E-01
 21       -0.17675563E-01       0.48678475E-01       0.20827615E-01       0.70919625E-08      -0.18258808E-01
 22       -0.17824770E-01       0.57498547E-01       0.20945692E-01       0.21307973E-08      -0.16881887E-01
 23       -0.17971540E-01       0.65078531E-01       0.21088034E-01       0.63993395E-09      -0.15673545E-01
 24       -0.18112304E-01       0.73637105E-01       0.21233988E-01       0.19163580E-09      -0.14595336E-01
 25       -0.18244387E-01       0.80992269E-01       0.21371982E-01       0.57123053E-10      -0.13621120E-01
 26       -0.18365818E-01       0.87886978E-01       0.21495681E-01       0.16928541E-10      -0.12732492E-01
 27       -0.18475172E-01       0.94328203E-01       0.21601839E-01       0.49840835E-11      -0.11916087E-01
 28       -0.18571463E-01       0.10032034E+00       0.21689050E-01       0.14571547E-11      -0.11161924E-01
 29       -0.18654047E-01       0.10586607E+00       0.21757012E-01       0.42296115E-12      -0.10462351E-01
 30       -0.18722557E-01       0.11096706E+00       0.21806076E-01       0.12193399E-12      -0.98113550E-02
 31       -0.18776842E-01       0.11562465E+00       0.21836969E-01       0.34762148E-13      -0.92041013E-02
 32       -0.18816926E-01       0.11984035E+00       0.21850626E-01       0.10017079E-13      -0.86366162E-02
 33       -0.18842970E-01       0.12361630E+00       0.21848081E-01       0.27003590E-14      -0.81055668E-02
 34       -0.18855241E-01       0.12695571E+00       0.21830399E-01       0.81854036E-15      -0.76081049E-02
 35       -0.18854091E-01       0.12986312E+00       0.21798639E-01       0.15487320E-15      -0.71417553E-02
 36       -0.18839936E-01       0.13234465E+00       0.21753826E-01       0.11590247E-15      -0.67043347E-02
 37       -0.18813240E-01       0.13440817E+00      -0.11903000E-16       0.21696939E-01      -0.62938922E-02
 38       -0.18774502E-01       0.13606338E+00       0.53196814E-16       0.21628902E-01      -0.59086653E-02
 39       -0.18724244E-01       0.13732183E+00       0.60031167E-17       0.21550583E-01      -0.55470467E-02
 40       -0.18663005E-01       0.13819693E+00       0.21462791E-01      -0.32387129E-16      -0.52075599E-02
 41       -0.18591330E-01       0.13870379E+00       0.21366280E-01       0.30570123E-16      -0.48888398E-02
 42       -0.18509768E-01       0.13885914E+00      -0.23862184E-16       0.21261750E-01      -0.45896181E-02
 43       -0.18418864E-01       0.13868111E+00       0.21149850E-01      -0.15445737E-16      -0.43087119E-02
 44       -0.18319158E-01       0.13818904E+00       0.22900690E-16       0.21031181E-01      -0.40450149E-02
 45       -0.18211177E-01       0.13740323E+00       0.20906298E-01       0.17396186E-16      -0.37974898E-02
 46       -0.18095439E-01       0.13634474E+00       0.62084762E-16       0.20775716E-01      -0.35651622E-02
 47       -0.17972448E-01       0.13503508E+00      -0.18963750E-17       0.20639911E-01      -0.33471163E-02
 48       -0.17842690E-01       0.13349599E+00       0.21057643E-17       0.20499324E-01      -0.31424900E-02
 49       -0.17706636E-01       0.13028437E+00      -0.23574955E-17       0.20354363E-01      -0.29504719E-02
 50       -0.17564740E-01       0.12981626E+00       0.39723839E-17       0.20205403E-01      -0.27702974E-02
 51       -0.17417438E-01       0.12771822E+00      -0.19967432E-17       0.20052795E-01      -0.26012468E-02
 52       -0.17265149E-01       0.12547556E+00       0.10444335E-17       0.19896861E-01      -0.24426418E-02
 53       -0.17108272E-01       0.12310800E+00      -0.29255639E-17       0.19737900E-01      -0.22938440E-02
 54       -0.16947189E-01       0.12063436E+00       0.45295165E-17       0.19576190E-01      -0.21542521E-02
 55       -0.16782265E-01       0.11807247E+00      -0.34717057E-18       0.19411988E-01      -0.20233000E-02
 56       -0.16613847E-01       0.11543913E+00      -0.19638376E-17       0.19245532E-01      -0.19004553E-02
 57       -0.16259160E-01       0.11274996E+00       0.45304358E-17       0.19077043E-01      -0.17852168E-02
 58       -0.16267833E-01       0.11001950E+00       0.15804238E-18       0.18906725E-01      -0.16771135E-02
 59       -0.16090848E-01       0.10726109E+00       0.36411374E-17       0.18734769E-01      -0.15757025E-02
 60       -0.15911589E-01       0.10448693E+00      -0.57107203E-18       0.18561352E-01      -0.14805676E-02
 61       -0.15730331E-01       0.10170809E+00      -0.84715509E-18       0.18386637E-01      -0.13913177E-02
 62       -0.15547320E-01       0.98934543E-01      -0.34553281E-17       0.18210777E-01      -0.13075856E-02
 63       -0.15362796E-01       0.96175205E-01       0.29578499E-17       0.18033913E-01      -0.12290266E-02
 64       -0.15176985E-01       0.93437989E-01      -0.28112521E-17       0.17856178E-01      -0.11553172E-02
 65       -0.14990099E-01       0.90729854E-01      -0.31193596E-18       0.17677694E-01      -0.10861537E-02
 66       -0.14802340E-01       0.88056871E-01       0.12841594E-17       0.17498576E-01      -0.10212514E-02
 67       -0.14613897E-01       0.85424281E-01       0.90845360E-18       0.17318930E-01      -0.96034310E-03
 68       -0.14424947E-01       0.82836557E-01      -0.26110400E-18       0.17138855E-01      -0.90317840E-03
 69       -0.14235659E-01       0.80297467E-01       0.29128437E-19       0.16958444E-01      -0.84952253E-03
 70       -0.14046190E-01       0.77810132E-01      -0.20960090E-17       0.16777783E-01      -0.79915544E-03
 71       -0.13856688E-01       0.75377089E-01       0.38105138E-18       0.16596955E-01      -0.75187089E-03
 72       -0.13667293E-01       0.73000344E-01       0.66958870E-18       0.16416033E-01      -0.70747567E-03
 73       -0.13478136E-01       0.70681426E-01       0.29778093E-19       0.16235090E-01      -0.66578873E-03
 74       -0.13289337E-01       0.68421440E-01       0.60423615E-19       0.16054193E-01      -0.62664050E-03
 75       -0.13101017E-01       0.66221109E-01       0.11400603E-17       0.15873402E-01      -0.58987211E-03
 76       -0.12913279E-01       0.64080823E-01      -0.10102142E-17       0.15692778E-01      -0.55533477E-03
 77       -0.12726224E-01       0.62000677E-01      -0.73375574E-18       0.15512376E-01      -0.52288915E-03
 78       -0.12539948E-01       0.59980507E-01       0.14085103E-18       0.15332248E-01      -0.49240472E-03
 79       -0.12354539E-01       0.58019928E-01       0.13722289E-18       0.15152444E-01      -0.46375927E-03
 80       -0.12170079E-01       0.56118360E-01       0.14959623E-18       0.14973009E-01      -0.43683834E-03
 81       -0.11986645E-01       0.54275059E-01       0.72069477E-18       0.14793989E-01      -0.41153476E-03
 82       -0.11804310E-01       0.52489141E-01       0.88849203E-19       0.14615426E-01      -0.38774813E-03
 83       -0.11623140E-01       0.50759606E-01       0.23651462E-18       0.14437358E-01      -0.36538447E-03
 84       -0.11443197E-01       0.49085358E-01      -0.61516760E-19       0.14259825E-01      -0.34435573E-03
 85       -0.11264540E-01       0.47465220E-01      -0.29673379E-18       0.14082862E-01      -0.32457947E-03
 86       -0.11087222E-01       0.45897955E-01       0.37654738E-18       0.13906505E-01      -0.30597847E-03
 87       -0.10911292E-01       0.44382276E-01       0.34811602E-18       0.13730786E-01      -0.28848039E-03
 88       -0.10736798E-01       0.42916861E-01       0.95279147E-19       0.13555738E-01      -0.27201750E-03
 89       -0.10563781E-01       0.41500364E-01       0.10537534E-19       0.13381391E-01      -0.25652631E-03
 90       -0.10392282E-01       0.40131421E-01      -0.12890398E-18       0.13207774E-01      -0.24194738E-03
 91       -0.10222335E-01       0.38808663E-01       0.65593538E-18       0.13034917E-01      -0.22822499E-03
 92       -0.10053976E-01       0.37530721E-01       0.51146485E-18       0.12862847E-01      -0.21530696E-03
 93       -0.98872330E-02       0.36296231E-01      -0.31648020E-18       0.12691589E-01      -0.20314436E-03
 94       -0.97221352E-02       0.35103842E-01       0.15909530E-18       0.12521171E-01      -0.19169137E-03
 95       -0.95587076E-02       0.33952218E-01       0.57899158E-20       0.12351617E-01      -0.18090500E-03
 96       -0.93969731E-02       0.32473832E-01      -0.10649321E-18       0.12182952E-01      -0.17074500E-03
 97       -0.92369525E-02       0.31766024E-01       0.16381877E-18       0.12015199E-01      -0.16117359E-03
 98       -0.90786645E-02       0.30728892E-01       0.25818275E-18       0.11848381E-01      -0.15215538E-03
 99       -0.89221255E-02       0.29726692E-01      -0.69223200E-19       0.11682521E-01      -0.14365717E-03
100       -0.87673504E-02       0.28760358E-01      -0.14573807E-18       0.11517640E-01      -0.13564784E-03
101       -0.86143520E-02       0.27826564E-01       0.11164635E-18       0.11353760E-01      -0.12809817E-03
102       -0.84631416E-02       0.26924874E-01      -0.43872184E-19       0.11190902E-01      -0.12098077E-03
103       -0.83137288E-02       0.26054171E-01       0.31166019E-19       0.11029086E-01      -0.11426995E-03
104       -0.81661215E-02       0.25213369E-01       0.35790693E-19       0.10868332E-01      -0.10794159E-03
105       -0.80203265E-02       0.24401414E-01       0.16323674E-18       0.10708660E-01      -0.10197305E-03
106       -0.78763489E-02       0.23617286E-01      -0.52222379E-19       0.10550088E-01      -0.96343104E-04
107       -0.77341927E-02       0.22859995E-01       0.21166025E-18       0.10392635E-01      -0.91031798E-04
108       -0.75938605E-02       0.22128586E-01       0.20939992E-19       0.10236319E-01      -0.86020414E-04
109       -0.74553539E-02       0.21422133E-01       0.18321560E-19       0.10081157E-01      -0.81291374E-04
110       -0.73186733E-02       0.20739742E-01      -0.89992318E-19       0.99271682E-02      -0.76828167E-04
111       -0.71838180E-02       0.20080550E-01      -0.10427116E-18       0.97743677E-02      -0.72615286E-04
112       -0.70507863E-02       0.19443724E-01      -0.10942953E-18       0.96227723E-02      -0.68638164E-04
113       -0.69195755E-02       0.18828459E-01       0.84822868E-19       0.94723980E-02      -0.64883112E-04
114       -0.67901822E-02       0.18233979E-01      -0.15178579E-18       0.93232602E-02      -0.61337268E-04
115       -0.66626019E-02       0.17659537E-01      -0.50089519E-19       0.91753739E-02      -0.57988544E-04
116       -0.65368294E-02       0.17104411E-01      -0.44493627E-19       0.90287538E-02      -0.54825578E-04
117       -0.64128587E-02       0.16567907E-01       0.14796996E-18       0.88834138E-02      -0.51837685E-04
118       -0.62906829E-02       0.16049355E-01       0.63698883E-19       0.87393678E-02      -0.49014822E-04
119       -0.61702948E-02       0.15548111E-01      -0.32015692E-20       0.85966288E-02      -0.46347542E-04
120       -0.60516861E-02       0.15063555E-01      -0.11331640E-19       0.84552095E-02      -0.43826961E-04
121       -0.59348480E-02       0.14595087E-01       0.12908496E-19       0.83151221E-02      -0.41444719E-04
122       -0.58197712E-02       0.14142133E-01      -0.76357486E-19       0.81763782E-02      -0.39192954E-04
123       -0.57064459E-02       0.13704138E-01       0.87618554E-19       0.80389892E-02      -0.37064267E-04
124       -0.55948614E-02       0.13280570E-01       0.28670823E-19       0.79029656E-02      -0.35051692E-04
125       -0.54850067E-02       0.12870915E-01       0.43261258E-19       0.77683175E-02      -0.33148675E-04
126       -0.53768705E-02       0.12474680E-01       0.66545351E-19       0.76350547E-02      -0.31349044E-04
127       -0.52704408E-02       0.12091388E-01      -0.41211365E-19       0.75031861E-02      -0.29646990E-04
128       -0.51657051E-02       0.11720582E-01       0.51814473E-19       0.73727203E-02      -0.28037040E-04
