   2   0.3010300E+00  -0.4351909E-01  -0.1361320E+01   0.2297842E+05   0.4361320E+01
   2   0.3010300E+00  -0.5939940E+00  -0.2262179E+00   0.1683519E+04   0.3226218E+01
   2   0.3010300E+00  -0.2935845E+01   0.4677331E+00   0.3406175E+03   0.2532267E+01
   3   0.4771213E+00  -0.7670637E-01  -0.1115169E+01   0.1303673E+05   0.4115169E+01
   3   0.4771213E+00  -0.5635664E+00  -0.2490549E+00   0.1774414E+04   0.3249055E+01
   3   0.4771213E+00  -0.1941070E+01   0.2880412E+00   0.5151798E+03   0.2711959E+01
   4   0.6020600E+00  -0.1089401E+00  -0.9628122E+00   0.9179356E+04   0.3962812E+01
   4   0.6020600E+00  -0.5373502E+00  -0.2697426E+00   0.1860984E+04   0.3269743E+01
   4   0.6020600E+00  -0.1278975E+01   0.1068622E+00   0.7818759E+03   0.2893138E+01
   5   0.6989700E+00  -0.1390791E+00  -0.8567382E+00   0.7190154E+04   0.3856738E+01
   5   0.6989700E+00  -0.5077271E+00  -0.2943696E+00   0.1969562E+04   0.3294370E+01
   5   0.6989700E+00  -0.9074220E+00  -0.4219071E-01   0.1102023E+04   0.3042191E+01
   6   0.7781513E+00  -0.1672549E+00  -0.7766211E+00   0.5978898E+04   0.3776621E+01
   6   0.7781513E+00  -0.4741395E+00  -0.3240939E+00   0.2109084E+04   0.3324094E+01
   6   0.7781513E+00  -0.6974480E+00  -0.1564882E+00   0.1433799E+04   0.3156488E+01
   7   0.8450980E+00  -0.4380577E+00  -0.3584686E+00   0.2282804E+04   0.3358469E+01
   7   0.8450980E+00  -0.1938072E+00  -0.7126302E+00   0.5159768E+04   0.3712630E+01
   7   0.8450980E+00  -0.5714691E+00  -0.2430073E+00   0.1749876E+04   0.3243007E+01
   8   0.9030900E+00  -0.4016156E+00  -0.3961894E+00   0.2489943E+04   0.3396189E+01
   8   0.9030900E+00  -0.2189958E+00  -0.6595642E+00   0.4566298E+04   0.3659564E+01
   8   0.9030900E+00  -0.4906485E+00  -0.3092295E+00   0.2038119E+04   0.3309229E+01
   9   0.9542425E+00  -0.3670796E+00  -0.4352397E+00   0.2724204E+04   0.3435240E+01
   9   0.9542425E+00  -0.2429572E+00  -0.6144702E+00   0.4115951E+04   0.3614470E+01
   9   0.9542425E+00  -0.4349937E+00  -0.3615170E+00   0.2298884E+04   0.3361517E+01
  10   0.1000000E+01  -0.3361587E+00  -0.4734556E+00   0.2974785E+04   0.3473456E+01
  10   0.1000000E+01  -0.2656481E+00  -0.5756933E+00   0.3764378E+04   0.3575693E+01
  10   0.1000000E+01  -0.3937818E+00  -0.4047443E+00   0.2539477E+04   0.3404744E+01
  11   0.1041393E+01  -0.3617260E+00  -0.4416203E+00   0.2764524E+04   0.3441620E+01
  11   0.1041393E+01  -0.2862711E+00  -0.5432225E+00   0.3493192E+04   0.3543222E+01
  11   0.1041393E+01  -0.3098446E+00  -0.5088561E+00   0.3227425E+04   0.3508856E+01
  12   0.1079181E+01  -0.3385330E+00  -0.4703990E+00   0.2953922E+04   0.3470399E+01
  12   0.1079181E+01  -0.2844651E+00  -0.5459710E+00   0.3515369E+04   0.3545971E+01
  12   0.1079181E+01  -0.3056593E+00  -0.5147623E+00   0.3271616E+04   0.3514762E+01
  13   0.1113943E+01  -0.3386375E+00  -0.4702649E+00   0.2953010E+04   0.3470265E+01
  13   0.1113943E+01  -0.2650688E+00  -0.5766415E+00   0.3772606E+04   0.3576641E+01
  13   0.1113943E+01  -0.3022498E+00  -0.5196340E+00   0.3308522E+04   0.3519634E+01
  14   0.1146128E+01  -0.2852782E+00  -0.5447313E+00   0.3505350E+04   0.3544731E+01
  14   0.1146128E+01  -0.2477656E+00  -0.6059591E+00   0.4036073E+04   0.3605959E+01
  14   0.1146128E+01  -0.3552306E+00  -0.4494896E+00   0.2815073E+04   0.3449490E+01
  15   0.1176091E+01  -0.2685474E+00  -0.5709790E+00   0.3723737E+04   0.3570979E+01
  15   0.1176091E+01  -0.2325361E+00  -0.6335097E+00   0.4300408E+04   0.3633510E+01
  15   0.1176091E+01  -0.3734561E+00  -0.4277605E+00   0.2677691E+04   0.3427760E+01
  16   0.1204120E+01  -0.2534232E+00  -0.5961536E+00   0.3945968E+04   0.3596154E+01
  16   0.1204120E+01  -0.2190613E+00  -0.6594343E+00   0.4564932E+04   0.3659434E+01
  16   0.1204120E+01  -0.3914576E+00  -0.4073153E+00   0.2554555E+04   0.3407315E+01
  17   0.1230449E+01  -0.2398871E+00  -0.6199932E+00   0.4168628E+04   0.3619993E+01
  17   0.1230449E+01  -0.2070617E+00  -0.6839002E+00   0.4829478E+04   0.3683900E+01
  17   0.1230449E+01  -0.4089101E+00  -0.3883722E+00   0.2445525E+04   0.3388372E+01
  18   0.1255273E+01  -0.2277702E+00  -0.6425031E+00   0.4390390E+04   0.3642503E+01
  18   0.1255273E+01  -0.1963093E+00  -0.7070591E+00   0.5094001E+04   0.3707059E+01
  18   0.1255273E+01  -0.4257226E+00  -0.3708733E+00   0.2348948E+04   0.3370873E+01
  19   0.1278754E+01  -0.2168995E+00  -0.6637414E+00   0.4610429E+04   0.3663741E+01
  19   0.1278754E+01  -0.1866197E+00  -0.7290424E+00   0.5358490E+04   0.3729042E+01
  19   0.1278754E+01  -0.4418666E+00  -0.3547088E+00   0.2263126E+04   0.3354709E+01
  20   0.1301030E+01  -0.2071223E+00  -0.6837732E+00   0.4828066E+04   0.3683773E+01
  20   0.1301030E+01  -0.1778428E+00  -0.7499638E+00   0.5622944E+04   0.3749964E+01
  20   0.1301030E+01  -0.4573369E+00  -0.3397638E+00   0.2186572E+04   0.3339764E+01
  21   0.1322219E+01  -0.1983081E+00  -0.7026596E+00   0.5042659E+04   0.3702660E+01
  21   0.1322219E+01  -0.1698552E+00  -0.7699211E+00   0.5887366E+04   0.3769921E+01
  21   0.1322219E+01  -0.4721386E+00  -0.3259305E+00   0.2118022E+04   0.3325930E+01
  22   0.1342423E+01  -0.1903470E+00  -0.7204539E+00   0.5253562E+04   0.3720454E+01
  22   0.1342423E+01  -0.1625551E+00  -0.7889993E+00   0.6151759E+04   0.3788999E+01
  22   0.1342423E+01  -0.4862828E+00  -0.3131111E+00   0.2056417E+04   0.3313111E+01
  23   0.1361728E+01  -0.1831462E+00  -0.7372020E+00   0.5460118E+04   0.3737202E+01
  23   0.1361728E+01  -0.1558573E+00  -0.8072729E+00   0.6416127E+04   0.3807273E+01
  23   0.1361728E+01  -0.4997837E+00  -0.3012179E+00   0.2000866E+04   0.3301218E+01
  24   0.1380211E+01  -0.1766271E+00  -0.7529427E+00   0.5661646E+04   0.3752943E+01
  24   0.1380211E+01  -0.1496900E+00  -0.8248071E+00   0.6680471E+04   0.3824807E+01
  24   0.1380211E+01  -0.5126582E+00  -0.2901721E+00   0.1950617E+04   0.3290172E+01
  25   0.1397940E+01  -0.1707227E+00  -0.7677088E+00   0.5857453E+04   0.3767709E+01
  25   0.1397940E+01  -0.1439927E+00  -0.8416594E+00   0.6944795E+04   0.3841659E+01
  25   0.1397940E+01  -0.5249244E+00  -0.2799032E+00   0.1905036E+04   0.3279903E+01
  26   0.1414973E+01  -0.1653758E+00  -0.7815280E+00   0.6046834E+04   0.3781528E+01
  26   0.1414973E+01  -0.1387136E+00  -0.8578810E+00   0.7209100E+04   0.3857881E+01
  26   0.1414973E+01  -0.5366017E+00  -0.2703479E+00   0.1863580E+04   0.3270348E+01
  27   0.1431364E+01  -0.1605374E+00  -0.7944239E+00   0.6229079E+04   0.3794424E+01
  27   0.1431364E+01  -0.1338081E+00  -0.8735175E+00   0.7473388E+04   0.3873518E+01
  27   0.1431364E+01  -0.5477101E+00  -0.2614492E+00   0.1825783E+04   0.3261449E+01
  28   0.1447158E+01  -0.1561649E+00  -0.8064166E+00   0.6403488E+04   0.3806417E+01
  28   0.1447158E+01  -0.1292380E+00  -0.8886097E+00   0.7737661E+04   0.3888610E+01
  28   0.1447158E+01  -0.5582701E+00  -0.2531556E+00   0.1791248E+04   0.3253156E+01
  29   0.1462398E+01  -0.1522215E+00  -0.8175240E+00   0.6569374E+04   0.3817524E+01
  29   0.1462398E+01  -0.1249700E+00  -0.9031943E+00   0.8001921E+04   0.3903194E+01
  29   0.1462398E+01  -0.5683025E+00  -0.2454204E+00   0.1759626E+04   0.3245420E+01
  30   0.1477121E+01  -0.1486751E+00  -0.8277618E+00   0.6726076E+04   0.3827762E+01
  30   0.1477121E+01  -0.1209750E+00  -0.9173043E+00   0.8266169E+04   0.3917304E+01
  30   0.1477121E+01  -0.5778281E+00  -0.2382013E+00   0.1730619E+04   0.3238201E+01
  31   0.1491362E+01  -0.1454974E+00  -0.8371447E+00   0.6872974E+04   0.3837145E+01
  31   0.1491362E+01  -0.1172277E+00  -0.9309696E+00   0.8530405E+04   0.3930970E+01
  31   0.1491362E+01  -0.5868677E+00  -0.2314598E+00   0.1703962E+04   0.3231460E+01
  32   0.1505150E+01  -0.1426637E+00  -0.8456866E+00   0.7009493E+04   0.3845687E+01
  32   0.1505150E+01  -0.1137057E+00  -0.9442176E+00   0.8794630E+04   0.3944218E+01
  32   0.1505150E+01  -0.5954419E+00  -0.2251606E+00   0.1679425E+04   0.3225161E+01
  33   0.1518514E+01  -0.1401519E+00  -0.8534011E+00   0.7135117E+04   0.3853401E+01
  33   0.1518514E+01  -0.1103893E+00  -0.9570729E+00   0.9058847E+04   0.3957073E+01
  33   0.1518514E+01  -0.6035710E+00  -0.2192716E+00   0.1656806E+04   0.3219272E+01
  34   0.1531479E+01  -0.1379425E+00  -0.8603019E+00   0.7249397E+04   0.3860302E+01
  34   0.1531479E+01  -0.1072610E+00  -0.9695582E+00   0.9323054E+04   0.3969558E+01
  34   0.1531479E+01  -0.6112750E+00  -0.2137633E+00   0.1635925E+04   0.3213763E+01
  35   0.1544068E+01  -0.1360181E+00  -0.8664032E+00   0.7351961E+04   0.3866403E+01
  35   0.1544068E+01  -0.1043052E+00  -0.9816942E+00   0.9587254E+04   0.3981694E+01
  35   0.1544068E+01  -0.6185734E+00  -0.2086088E+00   0.1616623E+04   0.3208609E+01
  36   0.1556303E+01  -0.1343632E+00  -0.8717198E+00   0.7442516E+04   0.3871720E+01
  36   0.1556303E+01  -0.1015079E+00  -0.9935000E+00   0.9851446E+04   0.3993500E+01
  36   0.1556303E+01  -0.6254851E+00  -0.2037830E+00   0.1598759E+04   0.3203783E+01
  37   0.1568202E+01  -0.9885691E-01  -0.1004993E+01   0.1011563E+05   0.4004993E+01
  37   0.1568202E+01  -0.1329635E+00  -0.8762675E+00   0.7520860E+04   0.3876268E+01
  37   0.1568202E+01  -0.6320287E+00  -0.1992632E+00   0.1582207E+04   0.3199263E+01
  38   0.1579784E+01  -0.9634088E-01  -0.1016189E+01   0.1037981E+05   0.4016189E+01
  38   0.1579784E+01  -0.1303416E+00  -0.8849168E+00   0.7672145E+04   0.3884917E+01
  38   0.1579784E+01  -0.6382220E+00  -0.1950282E+00   0.1566853E+04   0.3195028E+01
  39   0.1591065E+01  -0.9394980E-01  -0.1027104E+01   0.1064398E+05   0.4027104E+01
  39   0.1591065E+01  -0.1308806E+00  -0.8831249E+00   0.7640554E+04   0.3883125E+01
  39   0.1591065E+01  -0.6440824E+00  -0.1910586E+00   0.1552596E+04   0.3191059E+01
  40   0.1602060E+01  -0.1301752E+00  -0.8854717E+00   0.7681954E+04   0.3885472E+01
  40   0.1602060E+01  -0.9167457E-01  -0.1037751E+01   0.1090815E+05   0.4037751E+01
  40   0.1602060E+01  -0.6496265E+00  -0.1873362E+00   0.1539346E+04   0.3187336E+01
  41   0.1612784E+01  -0.1296809E+00  -0.8871241E+00   0.7711238E+04   0.3887124E+01
  41   0.1612784E+01  -0.8950698E-01  -0.1048143E+01   0.1117231E+05   0.4048143E+01
  41   0.1612784E+01  -0.6548704E+00  -0.1838446E+00   0.1527020E+04   0.3183845E+01
  42   0.1623249E+01  -0.8743957E-01  -0.1058292E+01   0.1143647E+05   0.4058292E+01
  42   0.1623249E+01  -0.1293887E+00  -0.8881038E+00   0.7728652E+04   0.3888104E+01
  42   0.1623249E+01  -0.6598295E+00  -0.1805682E+00   0.1515543E+04   0.3180568E+01
  43   0.1633468E+01  -0.1292905E+00  -0.8884334E+00   0.7734520E+04   0.3888433E+01
  43   0.1633468E+01  -0.8546553E-01  -0.1068209E+01   0.1170062E+05   0.4068209E+01
  43   0.1633468E+01  -0.6645186E+00  -0.1774929E+00   0.1504849E+04   0.3177493E+01
  44   0.1643453E+01  -0.8357869E-01  -0.1077904E+01   0.1196477E+05   0.4077904E+01
  44   0.1643453E+01  -0.1293789E+00  -0.8881367E+00   0.7729237E+04   0.3888137E+01
  44   0.1643453E+01  -0.6689518E+00  -0.1746052E+00   0.1494876E+04   0.3174605E+01
  45   0.1653213E+01  -0.1296468E+00  -0.8872383E+00   0.7713266E+04   0.3887238E+01
  45   0.1653213E+01  -0.8177339E-01  -0.1087388E+01   0.1222892E+05   0.4087388E+01
  45   0.1653213E+01  -0.6731427E+00  -0.1718929E+00   0.1485569E+04   0.3171893E+01
  46   0.1662758E+01  -0.8004445E-01  -0.1096669E+01   0.1249306E+05   0.4096669E+01
  46   0.1662758E+01  -0.1300877E+00  -0.8857638E+00   0.7687123E+04   0.3885764E+01
  46   0.1662758E+01  -0.6771040E+00  -0.1693446E+00   0.1476878E+04   0.3169345E+01
  47   0.1672098E+01  -0.7838712E-01  -0.1105755E+01   0.1275720E+05   0.4105755E+01
  47   0.1672098E+01  -0.1306955E+00  -0.8837393E+00   0.7651371E+04   0.3883739E+01
  47   0.1672098E+01  -0.6808483E+00  -0.1669497E+00   0.1468756E+04   0.3166950E+01
  48   0.1681241E+01  -0.7679706E-01  -0.1114655E+01   0.1302133E+05   0.4114655E+01
  48   0.1681241E+01  -0.1299998E+00  -0.8860574E+00   0.7692321E+04   0.3886057E+01
  48   0.1681241E+01  -0.6843871E+00  -0.1646982E+00   0.1461161E+04   0.3164698E+01
  49   0.1690196E+01  -0.7527024E-01  -0.1123377E+01   0.1328546E+05   0.4123377E+01
  49   0.1690196E+01  -0.1323895E+00  -0.8781463E+00   0.7553467E+04   0.3878146E+01
  49   0.1690196E+01  -0.6877316E+00  -0.1625810E+00   0.1454056E+04   0.3162581E+01
  50   0.1698970E+01  -0.7380296E-01  -0.1131926E+01   0.1354959E+05   0.4131926E+01
  50   0.1698970E+01  -0.1334653E+00  -0.8746318E+00   0.7492587E+04   0.3874632E+01
  50   0.1698970E+01  -0.6908924E+00  -0.1605896E+00   0.1447403E+04   0.3160590E+01
  51   0.1707570E+01  -0.7239180E-01  -0.1140311E+01   0.1381372E+05   0.4140311E+01
  51   0.1707570E+01  -0.1346869E+00  -0.8706746E+00   0.7424626E+04   0.3870675E+01
  51   0.1707570E+01  -0.6938796E+00  -0.1587159E+00   0.1441172E+04   0.3158716E+01
  52   0.1716003E+01  -0.7103361E-01  -0.1148536E+01   0.1407784E+05   0.4148536E+01
  52   0.1716003E+01  -0.1360500E+00  -0.8663016E+00   0.7350241E+04   0.3866302E+01
  52   0.1716003E+01  -0.6967028E+00  -0.1569525E+00   0.1435332E+04   0.3156952E+01
  53   0.1724276E+01  -0.6972546E-01  -0.1156609E+01   0.1434196E+05   0.4156609E+01
  53   0.1724276E+01  -0.1375500E+00  -0.8615393E+00   0.7270081E+04   0.3861539E+01
  53   0.1724276E+01  -0.6993708E+00  -0.1552925E+00   0.1429857E+04   0.3155292E+01
  54   0.1732394E+01  -0.6846463E-01  -0.1164534E+01   0.1460608E+05   0.4164534E+01
  54   0.1732394E+01  -0.1391830E+00  -0.8564139E+00   0.7184787E+04   0.3856414E+01
  54   0.1732394E+01  -0.7018924E+00  -0.1537294E+00   0.1424720E+04   0.3153729E+01
  55   0.1740363E+01  -0.6724860E-01  -0.1172317E+01   0.1487020E+05   0.4172317E+01
  55   0.1740363E+01  -0.1409448E+00  -0.8509510E+00   0.7094977E+04   0.3850951E+01
  55   0.1740363E+01  -0.7042757E+00  -0.1522573E+00   0.1419898E+04   0.3152257E+01
  56   0.1748188E+01  -0.6607502E-01  -0.1179963E+01   0.1513431E+05   0.4179963E+01
  56   0.1748188E+01  -0.1428316E+00  -0.8451757E+00   0.7001252E+04   0.3845176E+01
  56   0.1748188E+01  -0.7065284E+00  -0.1508704E+00   0.1415371E+04   0.3150870E+01
  57   0.1755875E+01  -0.6494170E-01  -0.1187476E+01   0.1539843E+05   0.4187476E+01
  57   0.1755875E+01  -0.1448397E+00  -0.8391123E+00   0.6904182E+04   0.3839112E+01
  57   0.1755875E+01  -0.7086576E+00  -0.1495635E+00   0.1411119E+04   0.3149564E+01
  58   0.1763428E+01  -0.6384662E-01  -0.1194862E+01   0.1566254E+05   0.4194862E+01
  58   0.1763428E+01  -0.1469656E+00  -0.8327842E+00   0.6804311E+04   0.3832784E+01
  58   0.1763428E+01  -0.7106704E+00  -0.1483318E+00   0.1407122E+04   0.3148332E+01
  59   0.1770852E+01  -0.6278786E-01  -0.1202124E+01   0.1592665E+05   0.4202124E+01
  59   0.1770852E+01  -0.1492059E+00  -0.8262141E+00   0.6702150E+04   0.3826214E+01
  59   0.1770852E+01  -0.7125731E+00  -0.1471706E+00   0.1403365E+04   0.3147171E+01
  60   0.1778151E+01  -0.6176365E-01  -0.1209267E+01   0.1619075E+05   0.4209267E+01
  60   0.1778151E+01  -0.1515570E+00  -0.8194239E+00   0.6598176E+04   0.3819424E+01
  60   0.1778151E+01  -0.7143721E+00  -0.1460755E+00   0.1399831E+04   0.3146076E+01
  61   0.1785330E+01  -0.6077232E-01  -0.1216294E+01   0.1645486E+05   0.4216294E+01
  61   0.1785330E+01  -0.1540159E+00  -0.8124344E+00   0.6492835E+04   0.3812434E+01
  61   0.1785330E+01  -0.7160729E+00  -0.1450428E+00   0.1396506E+04   0.3145043E+01
  62   0.1792392E+01  -0.5981232E-01  -0.1223209E+01   0.1671896E+05   0.4223209E+01
  62   0.1792392E+01  -0.1565793E+00  -0.8052655E+00   0.6386538E+04   0.3805266E+01
  62   0.1792392E+01  -0.7176812E+00  -0.1440684E+00   0.1393376E+04   0.3144068E+01
  63   0.1799341E+01  -0.5888218E-01  -0.1230016E+01   0.1698307E+05   0.4230016E+01
  63   0.1799341E+01  -0.1592442E+00  -0.7979363E+00   0.6279662E+04   0.3797936E+01
  63   0.1799341E+01  -0.7192021E+00  -0.1431490E+00   0.1390430E+04   0.3143149E+01
  64   0.1806180E+01  -0.5798054E-01  -0.1236718E+01   0.1724717E+05   0.4236718E+01
  64   0.1806180E+01  -0.1620076E+00  -0.7904646E+00   0.6172550E+04   0.3790465E+01
  64   0.1806180E+01  -0.7206405E+00  -0.1422813E+00   0.1387654E+04   0.3142281E+01
  65   0.1812913E+01  -0.5710609E-01  -0.1243318E+01   0.1751127E+05   0.4243318E+01
  65   0.1812913E+01  -0.1648665E+00  -0.7828677E+00   0.6065515E+04   0.3782868E+01
  65   0.1812913E+01  -0.7220010E+00  -0.1414622E+00   0.1385040E+04   0.3141462E+01
  66   0.1819544E+01  -0.5625763E-01  -0.1249819E+01   0.1777537E+05   0.4249819E+01
  66   0.1819544E+01  -0.1678180E+00  -0.7751615E+00   0.5958837E+04   0.3775162E+01
  66   0.1819544E+01  -0.7232879E+00  -0.1406888E+00   0.1382575E+04   0.3140689E+01
  67   0.1826075E+01  -0.5543402E-01  -0.1256224E+01   0.1803946E+05   0.4256224E+01
  67   0.1826075E+01  -0.1708593E+00  -0.7673614E+00   0.5852769E+04   0.3767361E+01
  67   0.1826075E+01  -0.7245054E+00  -0.1399584E+00   0.1380252E+04   0.3139958E+01
  68   0.1832509E+01  -0.5463418E-01  -0.1262536E+01   0.1830356E+05   0.4262536E+01
  68   0.1832509E+01  -0.1739877E+00  -0.7594815E+00   0.5747533E+04   0.3759481E+01
  68   0.1832509E+01  -0.7256574E+00  -0.1392684E+00   0.1378061E+04   0.3139268E+01
  69   0.1838849E+01  -0.5385710E-01  -0.1268757E+01   0.1856765E+05   0.4268757E+01
  69   0.1838849E+01  -0.1772004E+00  -0.7515353E+00   0.5643328E+04   0.3751535E+01
  69   0.1838849E+01  -0.7267474E+00  -0.1386165E+00   0.1375994E+04   0.3138617E+01
  70   0.1845098E+01  -0.5310181E-01  -0.1274891E+01   0.1883175E+05   0.4274891E+01
  70   0.1845098E+01  -0.1804948E+00  -0.7435353E+00   0.5540326E+04   0.3743535E+01
  70   0.1845098E+01  -0.7277789E+00  -0.1380006E+00   0.1374044E+04   0.3138001E+01
  71   0.1851258E+01  -0.5236742E-01  -0.1280939E+01   0.1909584E+05   0.4280939E+01
  71   0.1851258E+01  -0.1838682E+00  -0.7354934E+00   0.5438678E+04   0.3735493E+01
  71   0.1851258E+01  -0.7287552E+00  -0.1374184E+00   0.1372203E+04   0.3137418E+01
  72   0.1857332E+01  -0.5165307E-01  -0.1286904E+01   0.1935993E+05   0.4286904E+01
  72   0.1857332E+01  -0.1873181E+00  -0.7274203E+00   0.5338513E+04   0.3727420E+01
  72   0.1857332E+01  -0.7296793E+00  -0.1368680E+00   0.1370465E+04   0.3136868E+01
  73   0.1863323E+01  -0.5095795E-01  -0.1292788E+01   0.1962402E+05   0.4292788E+01
  73   0.1863323E+01  -0.1908419E+00  -0.7193264E+00   0.5239941E+04   0.3719326E+01
  73   0.1863323E+01  -0.7305541E+00  -0.1363476E+00   0.1368824E+04   0.3136348E+01
  74   0.1869232E+01  -0.5028129E-01  -0.1298594E+01   0.1988811E+05   0.4298594E+01
  74   0.1869232E+01  -0.1944370E+00  -0.7112210E+00   0.5143053E+04   0.3711221E+01
  74   0.1869232E+01  -0.7313824E+00  -0.1358555E+00   0.1367274E+04   0.3135855E+01
  75   0.1875061E+01  -0.4962237E-01  -0.1304323E+01   0.2015220E+05   0.4304323E+01
  75   0.1875061E+01  -0.1981011E+00  -0.7031131E+00   0.5047927E+04   0.3703113E+01
  75   0.1875061E+01  -0.7321667E+00  -0.1353900E+00   0.1365809E+04   0.3135390E+01
  76   0.1880814E+01  -0.4898049E-01  -0.1309977E+01   0.2041629E+05   0.4309977E+01
  76   0.1880814E+01  -0.2018317E+00  -0.6950107E+00   0.4954624E+04   0.3695011E+01
  76   0.1880814E+01  -0.7329095E+00  -0.1349497E+00   0.1364425E+04   0.3134950E+01
  77   0.1886491E+01  -0.4835501E-01  -0.1315559E+01   0.2068038E+05   0.4315559E+01
  77   0.1886491E+01  -0.2056263E+00  -0.6869214E+00   0.4863192E+04   0.3686921E+01
  77   0.1886491E+01  -0.7336129E+00  -0.1345330E+00   0.1363117E+04   0.3134533E+01
  78   0.1892095E+01  -0.4774531E-01  -0.1321069E+01   0.2094447E+05   0.4321069E+01
  78   0.1892095E+01  -0.2094826E+00  -0.6788521E+00   0.4773667E+04   0.3678852E+01
  78   0.1892095E+01  -0.7342793E+00  -0.1341387E+00   0.1361880E+04   0.3134139E+01
  79   0.1897627E+01  -0.4715079E-01  -0.1326511E+01   0.2120855E+05   0.4326511E+01
  79   0.1897627E+01  -0.2133981E+00  -0.6708094E+00   0.4686076E+04   0.3670809E+01
  79   0.1897627E+01  -0.7349105E+00  -0.1337655E+00   0.1360710E+04   0.3133766E+01
  80   0.1903090E+01  -0.4657090E-01  -0.1331885E+01   0.2147264E+05   0.4331885E+01
  80   0.1903090E+01  -0.2173707E+00  -0.6627990E+00   0.4600436E+04   0.3662799E+01
  80   0.1903090E+01  -0.7355086E+00  -0.1334122E+00   0.1359603E+04   0.3133412E+01
  81   0.1908485E+01  -0.4600510E-01  -0.1337194E+01   0.2173672E+05   0.4337194E+01
  81   0.1908485E+01  -0.2213980E+00  -0.6548264E+00   0.4516753E+04   0.3654826E+01
  81   0.1908485E+01  -0.7360754E+00  -0.1330777E+00   0.1358557E+04   0.3133078E+01
  82   0.1913814E+01  -0.4545288E-01  -0.1342439E+01   0.2200081E+05   0.4342439E+01
  82   0.1913814E+01  -0.2254776E+00  -0.6468965E+00   0.4435030E+04   0.3646897E+01
  82   0.1913814E+01  -0.7366124E+00  -0.1327610E+00   0.1357566E+04   0.3132761E+01
  83   0.1919078E+01  -0.4491377E-01  -0.1347621E+01   0.2226489E+05   0.4347621E+01
  83   0.1919078E+01  -0.2296075E+00  -0.6390140E+00   0.4355259E+04   0.3639014E+01
  83   0.1919078E+01  -0.7371215E+00  -0.1324609E+00   0.1356629E+04   0.3132461E+01
  84   0.1924279E+01  -0.4438729E-01  -0.1352741E+01   0.2252897E+05   0.4352741E+01
  84   0.1924279E+01  -0.2337852E+00  -0.6311830E+00   0.4277431E+04   0.3631183E+01
  84   0.1924279E+01  -0.7376040E+00  -0.1321768E+00   0.1355741E+04   0.3132177E+01
  85   0.1929419E+01  -0.4387302E-01  -0.1357803E+01   0.2279305E+05   0.4357803E+01
  85   0.1929419E+01  -0.2380087E+00  -0.6234072E+00   0.4201527E+04   0.3623407E+01
  85   0.1929419E+01  -0.7380614E+00  -0.1319075E+00   0.1354901E+04   0.3131908E+01
  86   0.1934498E+01  -0.4337052E-01  -0.1362805E+01   0.2305714E+05   0.4362805E+01
  86   0.1934498E+01  -0.2422757E+00  -0.6156901E+00   0.4127529E+04   0.3615690E+01
  86   0.1934498E+01  -0.7384950E+00  -0.1316524E+00   0.1354105E+04   0.3131652E+01
  87   0.1939519E+01  -0.4287941E-01  -0.1367751E+01   0.2332122E+05   0.4367751E+01
  87   0.1939519E+01  -0.2465841E+00  -0.6080349E+00   0.4055411E+04   0.3608035E+01
  87   0.1939519E+01  -0.7389062E+00  -0.1314107E+00   0.1353352E+04   0.3131411E+01
  88   0.1944483E+01  -0.4239930E-01  -0.1372641E+01   0.2358530E+05   0.4372641E+01
  88   0.1944483E+01  -0.2509318E+00  -0.6004443E+00   0.3985146E+04   0.3600444E+01
  88   0.1944483E+01  -0.7392962E+00  -0.1311815E+00   0.1352638E+04   0.3131182E+01
  89   0.1949390E+01  -0.4192982E-01  -0.1377477E+01   0.2384938E+05   0.4377477E+01
  89   0.1949390E+01  -0.2553167E+00  -0.5929208E+00   0.3916705E+04   0.3592921E+01
  89   0.1949390E+01  -0.7396660E+00  -0.1309643E+00   0.1351962E+04   0.3130964E+01
  90   0.1954243E+01  -0.4147062E-01  -0.1382259E+01   0.2411346E+05   0.4382259E+01
  90   0.1954243E+01  -0.2597366E+00  -0.5854669E+00   0.3850054E+04   0.3585467E+01
  90   0.1954243E+01  -0.7400168E+00  -0.1307584E+00   0.1351321E+04   0.3130758E+01
  91   0.1959041E+01  -0.4102138E-01  -0.1386990E+01   0.2437753E+05   0.4386990E+01
  91   0.1959041E+01  -0.2641895E+00  -0.5780844E+00   0.3785161E+04   0.3578084E+01
  91   0.1959041E+01  -0.7403495E+00  -0.1305632E+00   0.1350713E+04   0.3130563E+01
  92   0.1963788E+01  -0.4058176E-01  -0.1391669E+01   0.2464161E+05   0.4391669E+01
  92   0.1963788E+01  -0.2686735E+00  -0.5707752E+00   0.3721990E+04   0.3570775E+01
  92   0.1963788E+01  -0.7406652E+00  -0.1303781E+00   0.1350138E+04   0.3130378E+01
  93   0.1968483E+01  -0.4015147E-01  -0.1396299E+01   0.2490569E+05   0.4396299E+01
  93   0.1968483E+01  -0.2731864E+00  -0.5635410E+00   0.3660505E+04   0.3563541E+01
  93   0.1968483E+01  -0.7409647E+00  -0.1302025E+00   0.1349592E+04   0.3130202E+01
  94   0.1973128E+01  -0.3973020E-01  -0.1400879E+01   0.2516977E+05   0.4400879E+01
  94   0.1973128E+01  -0.2777262E+00  -0.5563831E+00   0.3600668E+04   0.3556383E+01
  94   0.1973128E+01  -0.7412489E+00  -0.1300360E+00   0.1349075E+04   0.3130036E+01
  95   0.1977724E+01  -0.3931769E-01  -0.1405412E+01   0.2543384E+05   0.4405412E+01
  95   0.1977724E+01  -0.2822911E+00  -0.5493028E+00   0.3542442E+04   0.3549303E+01
  95   0.1977724E+01  -0.7415185E+00  -0.1298780E+00   0.1348584E+04   0.3129878E+01
  96   0.1982271E+01  -0.3891365E-01  -0.1409898E+01   0.2569792E+05   0.4409898E+01
  96   0.1982271E+01  -0.2868791E+00  -0.5423011E+00   0.3485789E+04   0.3542301E+01
  96   0.1982271E+01  -0.7417745E+00  -0.1297281E+00   0.1348119E+04   0.3129728E+01
  97   0.1986772E+01  -0.3851784E-01  -0.1414338E+01   0.2596200E+05   0.4414338E+01
  97   0.1986772E+01  -0.2914882E+00  -0.5353790E+00   0.3430670E+04   0.3535379E+01
  97   0.1986772E+01  -0.7420173E+00  -0.1295859E+00   0.1347677E+04   0.3129586E+01
  98   0.1991226E+01  -0.3812999E-01  -0.1418733E+01   0.2622607E+05   0.4418733E+01
  98   0.1991226E+01  -0.2961166E+00  -0.5285372E+00   0.3377048E+04   0.3528537E+01
  98   0.1991226E+01  -0.7422479E+00  -0.1294510E+00   0.1347259E+04   0.3129451E+01
  99   0.1995635E+01  -0.3774988E-01  -0.1423084E+01   0.2649015E+05   0.4423084E+01
  99   0.1995635E+01  -0.3007624E+00  -0.5217764E+00   0.3324883E+04   0.3521776E+01
  99   0.1995635E+01  -0.7424667E+00  -0.1293230E+00   0.1346862E+04   0.3129323E+01
 100   0.2000000E+01  -0.3737728E-01  -0.1427392E+01   0.2675422E+05   0.4427392E+01
 100   0.2000000E+01  -0.3054238E+00  -0.5150971E+00   0.3274139E+04   0.3515097E+01
 100   0.2000000E+01  -0.7426745E+00  -0.1292015E+00   0.1346485E+04   0.3129201E+01
 101   0.2004321E+01  -0.3701195E-01  -0.1431658E+01   0.2701830E+05   0.4431658E+01
 101   0.2004321E+01  -0.3100989E+00  -0.5084998E+00   0.3224778E+04   0.3508500E+01
 101   0.2004321E+01  -0.7428717E+00  -0.1290862E+00   0.1346127E+04   0.3129086E+01
 102   0.2008600E+01  -0.3665371E-01  -0.1435882E+01   0.2728237E+05   0.4435882E+01
 102   0.2008600E+01  -0.3147859E+00  -0.5019847E+00   0.3176762E+04   0.3501985E+01
 102   0.2008600E+01  -0.7430590E+00  -0.1289767E+00   0.1345788E+04   0.3128977E+01
 103   0.2012837E+01  -0.3630232E-01  -0.1440066E+01   0.2754645E+05   0.4440066E+01
 103   0.2012837E+01  -0.3194832E+00  -0.4955520E+00   0.3130055E+04   0.3495552E+01
 103   0.2012837E+01  -0.7432368E+00  -0.1288728E+00   0.1345466E+04   0.3128873E+01
 104   0.2017033E+01  -0.3595762E-01  -0.1444209E+01   0.2781052E+05   0.4444209E+01
 104   0.2017033E+01  -0.3241889E+00  -0.4892019E+00   0.3084621E+04   0.3489202E+01
 104   0.2017033E+01  -0.7434057E+00  -0.1287741E+00   0.1345161E+04   0.3128774E+01
 105   0.2021189E+01  -0.3561940E-01  -0.1448313E+01   0.2807459E+05   0.4448313E+01
 105   0.2021189E+01  -0.3289013E+00  -0.4829344E+00   0.3040425E+04   0.3482934E+01
 105   0.2021189E+01  -0.7435660E+00  -0.1286805E+00   0.1344871E+04   0.3128680E+01
 106   0.2025306E+01  -0.3528748E-01  -0.1452379E+01   0.2833866E+05   0.4452379E+01
 106   0.2025306E+01  -0.3336188E+00  -0.4767494E+00   0.2997433E+04   0.3476749E+01
 106   0.2025306E+01  -0.7437182E+00  -0.1285916E+00   0.1344595E+04   0.3128592E+01
 107   0.2029384E+01  -0.3496169E-01  -0.1456408E+01   0.2860274E+05   0.4456408E+01
 107   0.2029384E+01  -0.3383397E+00  -0.4706470E+00   0.2955609E+04   0.3470647E+01
 107   0.2029384E+01  -0.7438628E+00  -0.1285071E+00   0.1344334E+04   0.3128507E+01
 108   0.2033424E+01  -0.3464186E-01  -0.1460399E+01   0.2886681E+05   0.4460399E+01
 108   0.2033424E+01  -0.3430624E+00  -0.4646269E+00   0.2914921E+04   0.3464627E+01
 108   0.2033424E+01  -0.7440002E+00  -0.1284270E+00   0.1344086E+04   0.3128427E+01
 109   0.2037426E+01  -0.3432783E-01  -0.1464354E+01   0.2913088E+05   0.4464354E+01
 109   0.2037426E+01  -0.3477853E+00  -0.4586888E+00   0.2875338E+04   0.3458689E+01
 109   0.2037426E+01  -0.7441306E+00  -0.1283508E+00   0.1343850E+04   0.3128351E+01
 110   0.2041393E+01  -0.3401945E-01  -0.1468273E+01   0.2939495E+05   0.4468273E+01
 110   0.2041393E+01  -0.3525067E+00  -0.4528326E+00   0.2836826E+04   0.3452833E+01
 110   0.2041393E+01  -0.7442545E+00  -0.1282785E+00   0.1343626E+04   0.3128279E+01
 111   0.2045323E+01  -0.3371655E-01  -0.1472157E+01   0.2965902E+05   0.4472157E+01
 111   0.2045323E+01  -0.3572252E+00  -0.4470579E+00   0.2799355E+04   0.3447058E+01
 111   0.2045323E+01  -0.7443721E+00  -0.1282099E+00   0.1343414E+04   0.3128210E+01
 112   0.2049218E+01  -0.3341900E-01  -0.1476007E+01   0.2992310E+05   0.4476007E+01
 112   0.2049218E+01  -0.3619392E+00  -0.4413643E+00   0.2762895E+04   0.3441364E+01
 112   0.2049218E+01  -0.7444839E+00  -0.1281447E+00   0.1343212E+04   0.3128145E+01
 113   0.2053078E+01  -0.3312666E-01  -0.1479822E+01   0.3018717E+05   0.4479822E+01
 113   0.2053078E+01  -0.3666474E+00  -0.4357514E+00   0.2727416E+04   0.3435751E+01
 113   0.2053078E+01  -0.7445900E+00  -0.1280828E+00   0.1343021E+04   0.3128083E+01
 114   0.2056905E+01  -0.3247318E-01  -0.1488475E+01   0.3079465E+05   0.4488475E+01
 114   0.2056905E+01  -0.3713481E+00  -0.4302188E+00   0.2692891E+04   0.3430219E+01
 114   0.2056905E+01  -0.7446909E+00  -0.1280240E+00   0.1342839E+04   0.3128024E+01
 115   0.2060698E+01  -0.3255706E-01  -0.1487355E+01   0.3071531E+05   0.4487355E+01
 115   0.2060698E+01  -0.3760399E+00  -0.4247660E+00   0.2659292E+04   0.3424766E+01
 115   0.2060698E+01  -0.7447866E+00  -0.1279681E+00   0.1342666E+04   0.3127968E+01
 116   0.2064458E+01  -0.3227954E-01  -0.1491073E+01   0.3097938E+05   0.4491073E+01
 116   0.2064458E+01  -0.3807216E+00  -0.4193925E+00   0.2626591E+04   0.3419392E+01
 116   0.2064458E+01  -0.7448776E+00  -0.1279151E+00   0.1342502E+04   0.3127915E+01
 117   0.2068186E+01  -0.3200671E-01  -0.1494759E+01   0.3124345E+05   0.4494759E+01
 117   0.2068186E+01  -0.3853917E+00  -0.4140976E+00   0.2594763E+04   0.3414098E+01
 117   0.2068186E+01  -0.7449640E+00  -0.1278647E+00   0.1342347E+04   0.3127865E+01
 118   0.2071882E+01  -0.3173846E-01  -0.1498414E+01   0.3150752E+05   0.4498414E+01
 118   0.2071882E+01  -0.3900489E+00  -0.4088809E+00   0.2563781E+04   0.3408881E+01
 118   0.2071882E+01  -0.7450460E+00  -0.1278169E+00   0.1342199E+04   0.3127817E+01
 119   0.2075547E+01  -0.3147466E-01  -0.1502039E+01   0.3177159E+05   0.4502039E+01
 119   0.2075547E+01  -0.3946919E+00  -0.4037418E+00   0.2533622E+04   0.3403742E+01
 119   0.2075547E+01  -0.7451240E+00  -0.1277715E+00   0.1342059E+04   0.3127771E+01
 120   0.2079181E+01  -0.3121522E-01  -0.1505634E+01   0.3203566E+05   0.4505634E+01
 120   0.2079181E+01  -0.3993194E+00  -0.3986796E+00   0.2504261E+04   0.3398680E+01
 120   0.2079181E+01  -0.7451980E+00  -0.1277283E+00   0.1341925E+04   0.3127728E+01
 121   0.2082785E+01  -0.3096002E-01  -0.1509199E+01   0.3229972E+05   0.4509199E+01
 121   0.2082785E+01  -0.4039301E+00  -0.3936937E+00   0.2475676E+04   0.3393694E+01
 121   0.2082785E+01  -0.7452683E+00  -0.1276874E+00   0.1341799E+04   0.3127687E+01
 122   0.2086360E+01  -0.3070895E-01  -0.1512735E+01   0.3256379E+05   0.4512735E+01
 122   0.2086360E+01  -0.4085230E+00  -0.3887835E+00   0.2447843E+04   0.3388784E+01
 122   0.2086360E+01  -0.7453350E+00  -0.1276485E+00   0.1341679E+04   0.3127648E+01
 123   0.2089905E+01  -0.3046193E-01  -0.1516243E+01   0.3282786E+05   0.4516243E+01
 123   0.2089905E+01  -0.4130967E+00  -0.3839483E+00   0.2420741E+04   0.3383948E+01
 123   0.2089905E+01  -0.7453984E+00  -0.1276115E+00   0.1341564E+04   0.3127612E+01
 124   0.2093422E+01  -0.3021885E-01  -0.1519722E+01   0.3309193E+05   0.4519722E+01
 124   0.2093422E+01  -0.4176502E+00  -0.3791873E+00   0.2394348E+04   0.3379187E+01
 124   0.2093422E+01  -0.7454586E+00  -0.1275765E+00   0.1341456E+04   0.3127576E+01
 125   0.2096910E+01  -0.2997962E-01  -0.1523174E+01   0.3335600E+05   0.4523174E+01
 125   0.2096910E+01  -0.4221823E+00  -0.3745000E+00   0.2368645E+04   0.3374500E+01
 125   0.2096910E+01  -0.7455157E+00  -0.1275432E+00   0.1341353E+04   0.3127543E+01
 126   0.2100371E+01  -0.2974414E-01  -0.1526599E+01   0.3362007E+05   0.4526599E+01
 126   0.2100371E+01  -0.4266920E+00  -0.3698855E+00   0.2343611E+04   0.3369886E+01
 126   0.2100371E+01  -0.7455700E+00  -0.1275116E+00   0.1341256E+04   0.3127512E+01
 127   0.2103804E+01  -0.2951234E-01  -0.1529996E+01   0.3388413E+05   0.4529996E+01
 127   0.2103804E+01  -0.4311782E+00  -0.3653432E+00   0.2319227E+04   0.3365343E+01
 127   0.2103804E+01  -0.7456215E+00  -0.1274816E+00   0.1341163E+04   0.3127482E+01
 128   0.2107210E+01  -0.2928412E-01  -0.1533368E+01   0.3414820E+05   0.4533368E+01
 128   0.2107210E+01  -0.4356399E+00  -0.3608724E+00   0.2295474E+04   0.3360872E+01
 128   0.2107210E+01  -0.7456703E+00  -0.1274531E+00   0.1341075E+04   0.3127453E+01
