 # File spectrum.dat, created by Task#2 of TABOO on 2017.02.06 time=14.03.06
   # 1st column: l = Harmonic degree                
   # 2nd   "   : LOG10 (l)                          
   # 3th   "   : s, (kyrs**(-1))                    
   # 4rd   "   : LOG10(-s), with s in kyrs**(-1)    
   # 5th   "   : Relaxation time = -1000./s, (yrs)  
   # 6th   "   : LOG10 (Relaxation time (yrs))      


   2   0.3010300E+00  -0.6257818E-03  -0.3203577E+01   0.1598001E+07   0.6203577E+01
   2   0.3010300E+00  -0.3546595E-01  -0.1450188E+01   0.2819606E+05   0.4450188E+01
   2   0.3010300E+00  -0.2401649E+00  -0.6194905E+00   0.4163806E+04   0.3619490E+01
   2   0.3010300E+00  -0.1339931E+01   0.1270826E+00   0.7463068E+03   0.2872917E+01
   2   0.3010300E+00  -0.2641371E+01   0.4218294E+00   0.3785913E+03   0.2578171E+01
   2   0.3010300E+00  -0.2683034E+01   0.4286261E+00   0.3727124E+03   0.2571374E+01
   2   0.3010300E+00  -0.2784590E+01   0.4447612E+00   0.3591193E+03   0.2555239E+01
   2   0.3010300E+00  -0.3424000E+01   0.5345337E+00   0.2920561E+03   0.2465466E+01


   3   0.4771213E+00  -0.1177043E-02  -0.2929208E+01   0.8495870E+06   0.5929208E+01
   3   0.4771213E+00  -0.6377334E-01  -0.1195361E+01   0.1568053E+05   0.4195361E+01
   3   0.4771213E+00  -0.2490906E+00  -0.6036427E+00   0.4014604E+04   0.3603643E+01
   3   0.4771213E+00  -0.9115824E+00  -0.4020408E-01   0.1096994E+04   0.3040204E+01
   3   0.4771213E+00  -0.2641371E+01   0.4218294E+00   0.3785913E+03   0.2578171E+01
   3   0.4771213E+00  -0.2663991E+01   0.4255327E+00   0.3753767E+03   0.2574467E+01
   3   0.4771213E+00  -0.2823653E+01   0.4508113E+00   0.3541512E+03   0.2549189E+01
   3   0.4771213E+00  -0.3424000E+01   0.5345337E+00   0.2920561E+03   0.2465466E+01


   4   0.6020600E+00  -0.1808260E-02  -0.2742739E+01   0.5530179E+06   0.5742739E+01
   4   0.6020600E+00  -0.9167143E-01  -0.1037766E+01   0.1090852E+05   0.4037766E+01
   4   0.6020600E+00  -0.2517631E+00  -0.5990080E+00   0.3971989E+04   0.3599008E+01
   4   0.6020600E+00  -0.6042184E+00  -0.2188061E+00   0.1655031E+04   0.3218806E+01
   4   0.6020600E+00  -0.2641371E+01   0.4218294E+00   0.3785913E+03   0.2578171E+01
   4   0.6020600E+00  -0.2657800E+01   0.4245222E+00   0.3762511E+03   0.2575478E+01
   4   0.6020600E+00  -0.2835719E+01   0.4526632E+00   0.3526443E+03   0.2547337E+01
   4   0.6020600E+00  -0.3424000E+01   0.5345337E+00   0.2920561E+03   0.2465466E+01


   5   0.6989700E+00  -0.2463284E-02  -0.2608485E+01   0.4059621E+06   0.5608485E+01
   5   0.6989700E+00  -0.1170848E+00  -0.9314993E+00   0.8540816E+04   0.3931499E+01
   5   0.6989700E+00  -0.2462677E+00  -0.6085925E+00   0.4060622E+04   0.3608593E+01
   5   0.6989700E+00  -0.4376829E+00  -0.3588404E+00   0.2284759E+04   0.3358840E+01
   5   0.6989700E+00  -0.2641371E+01   0.4218294E+00   0.3785913E+03   0.2578171E+01
   5   0.6989700E+00  -0.2656708E+01   0.4243438E+00   0.3764057E+03   0.2575656E+01
   5   0.6989700E+00  -0.2839813E+01   0.4532898E+00   0.3521358E+03   0.2546710E+01
   5   0.6989700E+00  -0.3424000E+01   0.5345337E+00   0.2920561E+03   0.2465466E+01


   6   0.7781513E+00  -0.3099660E-02  -0.2508686E+01   0.3226160E+06   0.5508686E+01
   6   0.7781513E+00  -0.1388982E+00  -0.8573033E+00   0.7199515E+04   0.3857303E+01
   6   0.7781513E+00  -0.2325836E+00  -0.6334210E+00   0.4299530E+04   0.3633421E+01
   6   0.7781513E+00  -0.3528662E+00  -0.4523900E+00   0.2833935E+04   0.3452390E+01
   6   0.7781513E+00  -0.2641371E+01   0.4218294E+00   0.3785913E+03   0.2578171E+01
   6   0.7781513E+00  -0.2658219E+01   0.4245908E+00   0.3761917E+03   0.2575409E+01
   6   0.7781513E+00  -0.2842272E+01   0.4536657E+00   0.3518312E+03   0.2546334E+01
   6   0.7781513E+00  -0.3424000E+01   0.5345337E+00   0.2920561E+03   0.2465466E+01


   7   0.8450980E+00  -0.3689268E-02  -0.2433060E+01   0.2710565E+06   0.5433060E+01
   7   0.8450980E+00  -0.1557452E+00  -0.8075853E+00   0.6420743E+04   0.3807585E+01
   7   0.8450980E+00  -0.2139882E+00  -0.6696102E+00   0.4673155E+04   0.3669610E+01
   7   0.8450980E+00  -0.3122272E+00  -0.5055292E+00   0.3202795E+04   0.3505529E+01
   7   0.8450980E+00  -0.2641371E+01   0.4218294E+00   0.3785913E+03   0.2578171E+01
   7   0.8450980E+00  -0.2661486E+01   0.4251241E+00   0.3757300E+03   0.2574876E+01
   7   0.8450980E+00  -0.2844673E+01   0.4540323E+00   0.3515343E+03   0.2545968E+01
   7   0.8450980E+00  -0.3424000E+01   0.5345337E+00   0.2920561E+03   0.2465466E+01


   8   0.9030900E+00  -0.4215047E-02  -0.2375198E+01   0.2372453E+06   0.5375198E+01
   8   0.9030900E+00  -0.1638982E+00  -0.7854259E+00   0.6101350E+04   0.3785426E+01
   8   0.9030900E+00  -0.1995486E+00  -0.6999514E+00   0.5011312E+04   0.3699951E+01
   8   0.9030900E+00  -0.2936417E+00  -0.5321822E+00   0.3405510E+04   0.3532182E+01
   8   0.9030900E+00  -0.2641371E+01   0.4218294E+00   0.3785913E+03   0.2578171E+01
   8   0.9030900E+00  -0.2666131E+01   0.4258815E+00   0.3750753E+03   0.2574118E+01
   8   0.9030900E+00  -0.2847141E+01   0.4544090E+00   0.3512295E+03   0.2545591E+01
   8   0.9030900E+00  -0.3424000E+01   0.5345337E+00   0.2920561E+03   0.2465466E+01


   9   0.9542425E+00  -0.4667789E-02  -0.2330889E+01   0.2142342E+06   0.5330889E+01
   9   0.9542425E+00  -0.1585722E+00  -0.7997731E+00   0.6306277E+04   0.3799773E+01
   9   0.9542425E+00  -0.1970955E+00  -0.7053233E+00   0.5073683E+04   0.3705323E+01
   9   0.9542425E+00  -0.2862401E+00  -0.5432696E+00   0.3493571E+04   0.3543270E+01
   9   0.9542425E+00  -0.2641371E+01   0.4218294E+00   0.3785913E+03   0.2578171E+01
   9   0.9542425E+00  -0.2671924E+01   0.4268241E+00   0.3742621E+03   0.2573176E+01
   9   0.9542425E+00  -0.2849480E+01   0.4547656E+00   0.3509412E+03   0.2545234E+01
   9   0.9542425E+00  -0.3424000E+01   0.5345337E+00   0.2920561E+03   0.2465466E+01


  10   0.1000000E+01  -0.5044046E-02  -0.2297221E+01   0.1982536E+06   0.5297221E+01
  10   0.1000000E+01  -0.1473355E+00  -0.8316927E+00   0.6787232E+04   0.3831693E+01
  10   0.1000000E+01  -0.1992719E+00  -0.7005540E+00   0.5018270E+04   0.3700554E+01
  10   0.1000000E+01  -0.2860033E+00  -0.5436289E+00   0.3496463E+04   0.3543629E+01
  10   0.1000000E+01  -0.2641371E+01   0.4218294E+00   0.3785913E+03   0.2578171E+01
  10   0.1000000E+01  -0.2678677E+01   0.4279204E+00   0.3733186E+03   0.2572080E+01
  10   0.1000000E+01  -0.2851524E+01   0.4550771E+00   0.3506896E+03   0.2544923E+01
  10   0.1000000E+01  -0.3424000E+01   0.5345337E+00   0.2920561E+03   0.2465466E+01


  11   0.1041393E+01  -0.5344745E-02  -0.2272073E+01   0.1870997E+06   0.5272073E+01
  11   0.1041393E+01  -0.1363293E+00  -0.8654107E+00   0.7335178E+04   0.3865411E+01
  11   0.1041393E+01  -0.1999732E+00  -0.6990281E+00   0.5000669E+04   0.3699028E+01
  11   0.1041393E+01  -0.2909115E+00  -0.5362391E+00   0.3437472E+04   0.3536239E+01
  11   0.1041393E+01  -0.2641371E+01   0.4218294E+00   0.3785913E+03   0.2578171E+01
  11   0.1041393E+01  -0.2686224E+01   0.4291422E+00   0.3722698E+03   0.2570858E+01
  11   0.1041393E+01  -0.2853209E+01   0.4553335E+00   0.3504826E+03   0.2544666E+01
  11   0.1041393E+01  -0.3424000E+01   0.5345337E+00   0.2920561E+03   0.2465466E+01


  12   0.1079181E+01  -0.5574048E-02  -0.2253829E+01   0.1794028E+06   0.5253829E+01
  12   0.1079181E+01  -0.1265917E+00  -0.8975949E+00   0.7899414E+04   0.3897595E+01
  12   0.1079181E+01  -0.1987431E+00  -0.7017080E+00   0.5031622E+04   0.3701708E+01
  12   0.1079181E+01  -0.2992602E+00  -0.5239510E+00   0.3341573E+04   0.3523951E+01
  12   0.1079181E+01  -0.2641371E+01   0.4218294E+00   0.3785913E+03   0.2578171E+01
  12   0.1079181E+01  -0.2694405E+01   0.4304629E+00   0.3711394E+03   0.2569537E+01
  12   0.1079181E+01  -0.2854544E+01   0.4555367E+00   0.3503187E+03   0.2544463E+01
  12   0.1079181E+01  -0.3424000E+01   0.5345337E+00   0.2920561E+03   0.2465466E+01


  13   0.1113943E+01  -0.5738292E-02  -0.2241217E+01   0.1742679E+06   0.5241217E+01
  13   0.1113943E+01  -0.1180907E+00  -0.9277844E+00   0.8468069E+04   0.3927784E+01
  13   0.1113943E+01  -0.1962459E+00  -0.7071993E+00   0.5095647E+04   0.3707199E+01
  13   0.1113943E+01  -0.3097204E+00  -0.5090302E+00   0.3228718E+04   0.3509030E+01
  13   0.1113943E+01  -0.2641371E+01   0.4218294E+00   0.3785913E+03   0.2578171E+01
  13   0.1113943E+01  -0.2703073E+01   0.4318577E+00   0.3699494E+03   0.2568142E+01
  13   0.1113943E+01  -0.2855577E+01   0.4556939E+00   0.3501919E+03   0.2544306E+01
  13   0.1113943E+01  -0.3424000E+01   0.5345337E+00   0.2920561E+03   0.2465466E+01


  14   0.1146128E+01  -0.5845040E-02  -0.2233213E+01   0.1710852E+06   0.5233213E+01
  14   0.1146128E+01  -0.1106442E+00  -0.9560712E+00   0.9037977E+04   0.3956071E+01
  14   0.1146128E+01  -0.1930422E+00  -0.7143477E+00   0.5180214E+04   0.3714348E+01
  14   0.1146128E+01  -0.3214431E+00  -0.4928959E+00   0.3110970E+04   0.3492896E+01
  14   0.1146128E+01  -0.2641371E+01   0.4218294E+00   0.3785913E+03   0.2578171E+01
  14   0.1146128E+01  -0.2712082E+01   0.4333029E+00   0.3687204E+03   0.2566697E+01
  14   0.1146128E+01  -0.2856366E+01   0.4558139E+00   0.3500952E+03   0.2544186E+01
  14   0.1146128E+01  -0.3424000E+01   0.5345337E+00   0.2920561E+03   0.2465466E+01


  15   0.1176091E+01  -0.5902295E-02  -0.2228979E+01   0.1694256E+06   0.5228979E+01
  15   0.1176091E+01  -0.1040772E+00  -0.9826443E+00   0.9608251E+04   0.3982644E+01
  15   0.1176091E+01  -0.1894623E+00  -0.7224772E+00   0.5278095E+04   0.3722477E+01
  15   0.1176091E+01  -0.3339305E+00  -0.4763439E+00   0.2994635E+04   0.3476344E+01
  15   0.1176091E+01  -0.2641371E+01   0.4218294E+00   0.3785913E+03   0.2578171E+01
  15   0.1176091E+01  -0.2721299E+01   0.4347763E+00   0.3674715E+03   0.2565224E+01
  15   0.1176091E+01  -0.2856966E+01   0.4559050E+00   0.3500217E+03   0.2544095E+01
  15   0.1176091E+01  -0.3424000E+01   0.5345337E+00   0.2920561E+03   0.2465466E+01


  16   0.1204120E+01  -0.5917922E-02  -0.2227831E+01   0.1689782E+06   0.5227831E+01
  16   0.1204120E+01  -0.9824493E-01  -0.1007690E+01   0.1017864E+05   0.4007690E+01
  16   0.1204120E+01  -0.1856859E+00  -0.7312211E+00   0.5385439E+04   0.3731221E+01
  16   0.1204120E+01  -0.3468835E+00  -0.4598164E+00   0.2882812E+04   0.3459816E+01
  16   0.1204120E+01  -0.2641371E+01   0.4218294E+00   0.3785913E+03   0.2578171E+01
  16   0.1204120E+01  -0.2730597E+01   0.4362576E+00   0.3662203E+03   0.2563742E+01
  16   0.1204120E+01  -0.2857421E+01   0.4559743E+00   0.3499659E+03   0.2544026E+01
  16   0.1204120E+01  -0.3424000E+01   0.5345337E+00   0.2920561E+03   0.2465466E+01


  17   0.1230449E+01  -0.5899264E-02  -0.2229202E+01   0.1695127E+06   0.5229202E+01
  17   0.1230449E+01  -0.9303118E-01  -0.1031371E+01   0.1074908E+05   0.4031371E+01
  17   0.1230449E+01  -0.1818136E+00  -0.7403736E+00   0.5500138E+04   0.3740374E+01
  17   0.1230449E+01  -0.3601051E+00  -0.4435707E+00   0.2776967E+04   0.3443571E+01
  17   0.1230449E+01  -0.2641371E+01   0.4218294E+00   0.3785913E+03   0.2578171E+01
  17   0.1230449E+01  -0.2739860E+01   0.4377283E+00   0.3649822E+03   0.2562272E+01
  17   0.1230449E+01  -0.2857768E+01   0.4560270E+00   0.3499234E+03   0.2543973E+01
  17   0.1230449E+01  -0.3424000E+01   0.5345337E+00   0.2920561E+03   0.2465466E+01


  18   0.1255273E+01  -0.5852932E-02  -0.2232627E+01   0.1708545E+06   0.5232627E+01
  18   0.1255273E+01  -0.8834268E-01  -0.1053829E+01   0.1131956E+05   0.4053829E+01
  18   0.1255273E+01  -0.1779077E+00  -0.7498052E+00   0.5620892E+04   0.3749805E+01
  18   0.1255273E+01  -0.3734507E+00  -0.4277668E+00   0.2677730E+04   0.3427767E+01
  18   0.1255273E+01  -0.2641371E+01   0.4218294E+00   0.3785913E+03   0.2578171E+01
  18   0.1255273E+01  -0.2748985E+01   0.4391723E+00   0.3637707E+03   0.2560828E+01
  18   0.1255273E+01  -0.2858034E+01   0.4560674E+00   0.3498909E+03   0.2543933E+01
  18   0.1255273E+01  -0.3424000E+01   0.5345337E+00   0.2920561E+03   0.2465466E+01


  19   0.1278754E+01  -0.5784707E-02  -0.2237719E+01   0.1728696E+06   0.5237719E+01
  19   0.1278754E+01  -0.8410390E-01  -0.1075184E+01   0.1189005E+05   0.4075184E+01
  19   0.1278754E+01  -0.1740118E+00  -0.7594212E+00   0.5746735E+04   0.3759421E+01
  19   0.1278754E+01  -0.3868037E+00  -0.4125093E+00   0.2585290E+04   0.3412509E+01
  19   0.1278754E+01  -0.2641371E+01   0.4218294E+00   0.3785913E+03   0.2578171E+01
  19   0.1278754E+01  -0.2757881E+01   0.4405755E+00   0.3625972E+03   0.2559424E+01
  19   0.1278754E+01  -0.2858239E+01   0.4560986E+00   0.3498657E+03   0.2543901E+01
  19   0.1278754E+01  -0.3424000E+01   0.5345337E+00   0.2920561E+03   0.2465466E+01


  20   0.1301030E+01  -0.5699540E-02  -0.2244160E+01   0.1754528E+06   0.5244160E+01
  20   0.1301030E+01  -0.8025313E-01  -0.1095538E+01   0.1246057E+05   0.4095538E+01
  20   0.1301030E+01  -0.1701603E+00  -0.7691418E+00   0.5876812E+04   0.3769142E+01
  20   0.1301030E+01  -0.4000658E+00  -0.3978686E+00   0.2499589E+04   0.3397869E+01
  20   0.1301030E+01  -0.2641371E+01   0.4218294E+00   0.3785913E+03   0.2578171E+01
  20   0.1301030E+01  -0.2766472E+01   0.4419264E+00   0.3614712E+03   0.2558074E+01
  20   0.1301030E+01  -0.2858399E+01   0.4561229E+00   0.3498462E+03   0.2543877E+01
  20   0.1301030E+01  -0.3424000E+01   0.5345337E+00   0.2920561E+03   0.2465466E+01


  21   0.1322219E+01  -0.5601597E-02  -0.2251688E+01   0.1785205E+06   0.5251688E+01
  21   0.1322219E+01  -0.7673943E-01  -0.1114981E+01   0.1303111E+05   0.4114981E+01
  21   0.1322219E+01  -0.1663819E+00  -0.7788940E+00   0.6010270E+04   0.3778894E+01
  21   0.1322219E+01  -0.4131517E+00  -0.3838905E+00   0.2420418E+04   0.3383890E+01
  21   0.1322219E+01  -0.2641371E+01   0.4218294E+00   0.3785913E+03   0.2578171E+01
  21   0.1322219E+01  -0.2774697E+01   0.4432156E+00   0.3603997E+03   0.2556784E+01
  21   0.1322219E+01  -0.2858525E+01   0.4561420E+00   0.3498308E+03   0.2543858E+01
  21   0.1322219E+01  -0.3424000E+01   0.5345337E+00   0.2920561E+03   0.2465466E+01


  22   0.1342423E+01  -0.5494336E-02  -0.2260085E+01   0.1820056E+06   0.5260085E+01
  22   0.1342423E+01  -0.7352043E-01  -0.1133592E+01   0.1360166E+05   0.4133592E+01
  22   0.1342423E+01  -0.1627015E+00  -0.7886084E+00   0.6146224E+04   0.3788608E+01
  22   0.1342423E+01  -0.4259879E+00  -0.3706028E+00   0.2347485E+04   0.3370603E+01
  22   0.1342423E+01  -0.2641371E+01   0.4218294E+00   0.3785913E+03   0.2578171E+01
  22   0.1342423E+01  -0.2782506E+01   0.4444361E+00   0.3593883E+03   0.2555564E+01
  22   0.1342423E+01  -0.2858624E+01   0.4561571E+00   0.3498186E+03   0.2543843E+01
  22   0.1342423E+01  -0.3424000E+01   0.5345337E+00   0.2920561E+03   0.2465466E+01


  23   0.1361728E+01  -0.5380591E-02  -0.2269170E+01   0.1858532E+06   0.5269170E+01
  23   0.1361728E+01  -0.7056054E-01  -0.1151438E+01   0.1417223E+05   0.4151438E+01
  23   0.1361728E+01  -0.1591409E+00  -0.7982181E+00   0.6283739E+04   0.3798218E+01
  23   0.1361728E+01  -0.4385117E+00  -0.3580188E+00   0.2280441E+04   0.3358019E+01
  23   0.1361728E+01  -0.2641371E+01   0.4218294E+00   0.3785913E+03   0.2578171E+01
  23   0.1361728E+01  -0.2789864E+01   0.4455831E+00   0.3584404E+03   0.2554417E+01
  23   0.1361728E+01  -0.2858704E+01   0.4561692E+00   0.3498089E+03   0.2543831E+01
  23   0.1361728E+01  -0.3424000E+01   0.5345337E+00   0.2920561E+03   0.2465466E+01


  24   0.1380211E+01  -0.5262662E-02  -0.2278795E+01   0.1900179E+06   0.5278795E+01
  24   0.1380211E+01  -0.6782972E-01  -0.1168580E+01   0.1474280E+05   0.4168580E+01
  24   0.1380211E+01  -0.1557186E+00  -0.8076595E+00   0.6421841E+04   0.3807660E+01
  24   0.1380211E+01  -0.4506712E+00  -0.3461402E+00   0.2218913E+04   0.3346140E+01
  24   0.1380211E+01  -0.2641371E+01   0.4218294E+00   0.3785913E+03   0.2578171E+01
  24   0.1380211E+01  -0.2796749E+01   0.4466534E+00   0.3575580E+03   0.2553347E+01
  24   0.1380211E+01  -0.2858768E+01   0.4561789E+00   0.3498010E+03   0.2543821E+01
  24   0.1380211E+01  -0.3424000E+01   0.5345337E+00   0.2920561E+03   0.2465466E+01


  25   0.1397940E+01  -0.5142396E-02  -0.2288834E+01   0.1944619E+06   0.5288834E+01
  25   0.1397940E+01  -0.6530235E-01  -0.1185071E+01   0.1531338E+05   0.4185071E+01
  25   0.1397940E+01  -0.1524502E+00  -0.8168720E+00   0.6559519E+04   0.3816872E+01
  25   0.1397940E+01  -0.4624246E+00  -0.3349591E+00   0.2162515E+04   0.3334959E+01
  25   0.1397940E+01  -0.2641371E+01   0.4218294E+00   0.3785913E+03   0.2578171E+01
  25   0.1397940E+01  -0.2803148E+01   0.4476460E+00   0.3567418E+03   0.2552354E+01
  25   0.1397940E+01  -0.2858821E+01   0.4561869E+00   0.3497946E+03   0.2543813E+01
  25   0.1397940E+01  -0.3424000E+01   0.5345337E+00   0.2920561E+03   0.2465466E+01


  26   0.1414973E+01  -0.5021263E-02  -0.2299187E+01   0.1991531E+06   0.5299187E+01
  26   0.1414973E+01  -0.6295654E-01  -0.1200959E+01   0.1588397E+05   0.4200959E+01
  26   0.1414973E+01  -0.1493486E+00  -0.8257989E+00   0.6695744E+04   0.3825799E+01
  26   0.1414973E+01  -0.4737398E+00  -0.3244601E+00   0.2110863E+04   0.3324460E+01
  26   0.1414973E+01  -0.2641371E+01   0.4218294E+00   0.3785913E+03   0.2578171E+01
  26   0.1414973E+01  -0.2809059E+01   0.4485609E+00   0.3559911E+03   0.2551439E+01
  26   0.1414973E+01  -0.2858864E+01   0.4561935E+00   0.3497893E+03   0.2543806E+01
  26   0.1414973E+01  -0.3424000E+01   0.5345337E+00   0.2920561E+03   0.2465466E+01


  27   0.1431364E+01  -0.4900419E-02  -0.2309767E+01   0.2040642E+06   0.5309767E+01
  27   0.1431364E+01  -0.6077339E-01  -0.1216287E+01   0.1645457E+05   0.4216287E+01
  27   0.1431364E+01  -0.1464240E+00  -0.8343878E+00   0.6829482E+04   0.3834388E+01
  27   0.1431364E+01  -0.4845936E+00  -0.3146224E+00   0.2063585E+04   0.3314622E+01
  27   0.1431364E+01  -0.2641371E+01   0.4218294E+00   0.3785913E+03   0.2578171E+01
  27   0.1431364E+01  -0.2814489E+01   0.4493995E+00   0.3553043E+03   0.2550600E+01
  27   0.1431364E+01  -0.2858900E+01   0.4561990E+00   0.3497849E+03   0.2543801E+01
  27   0.1431364E+01  -0.3424000E+01   0.5345337E+00   0.2920561E+03   0.2465466E+01


  28   0.1447158E+01  -0.4780765E-02  -0.2320503E+01   0.2091716E+06   0.5320503E+01
  28   0.1447158E+01  -0.5873656E-01  -0.1231092E+01   0.1702517E+05   0.4231092E+01
  28   0.1447158E+01  -0.1436843E+00  -0.8425908E+00   0.6959704E+04   0.3842591E+01
  28   0.1447158E+01  -0.4949709E+00  -0.3054204E+00   0.2020321E+04   0.3305420E+01
  28   0.1447158E+01  -0.2641371E+01   0.4218294E+00   0.3785913E+03   0.2578171E+01
  28   0.1447158E+01  -0.2819450E+01   0.4501644E+00   0.3546791E+03   0.2549836E+01
  28   0.1447158E+01  -0.2858931E+01   0.4562036E+00   0.3497811E+03   0.2543796E+01
  28   0.1447158E+01  -0.3424000E+01   0.5345337E+00   0.2920561E+03   0.2465466E+01


  29   0.1462398E+01  -0.4662989E-02  -0.2331336E+01   0.2144547E+06   0.5331336E+01
  29   0.1462398E+01  -0.5683182E-01  -0.1245408E+01   0.1759578E+05   0.4245408E+01
  29   0.1462398E+01  -0.1411352E+00  -0.8503648E+00   0.7085407E+04   0.3850365E+01
  29   0.1462398E+01  -0.5048637E+00  -0.2968258E+00   0.1980732E+04   0.3296826E+01
  29   0.1462398E+01  -0.2641371E+01   0.4218294E+00   0.3785913E+03   0.2578171E+01
  29   0.1462398E+01  -0.2823960E+01   0.4508586E+00   0.3541127E+03   0.2549141E+01
  29   0.1462398E+01  -0.2858956E+01   0.4562075E+00   0.3497780E+03   0.2543792E+01
  29   0.1462398E+01  -0.3424000E+01   0.5345337E+00   0.2920561E+03   0.2465466E+01


  30   0.1477121E+01  -0.4547610E-02  -0.2342217E+01   0.2198957E+06   0.5342217E+01
  30   0.1477121E+01  -0.5504672E-01  -0.1259269E+01   0.1816639E+05   0.4259269E+01
  30   0.1477121E+01  -0.1387805E+00  -0.8576715E+00   0.7205623E+04   0.3857672E+01
  30   0.1477121E+01  -0.5142705E+00  -0.2888084E+00   0.1944502E+04   0.3288808E+01
  30   0.1477121E+01  -0.2641371E+01   0.4218294E+00   0.3785913E+03   0.2578171E+01
  30   0.1477121E+01  -0.2828042E+01   0.4514858E+00   0.3536015E+03   0.2548514E+01
  30   0.1477121E+01  -0.2858978E+01   0.4562109E+00   0.3497753E+03   0.2543789E+01
  30   0.1477121E+01  -0.3424000E+01   0.5345337E+00   0.2920561E+03   0.2465466E+01


  31   0.1491362E+01  -0.4435011E-02  -0.2353105E+01   0.2254786E+06   0.5353105E+01
  31   0.1491362E+01  -0.5337034E-01  -0.1272700E+01   0.1873700E+05   0.4272700E+01
  31   0.1491362E+01  -0.1366226E+00  -0.8644775E+00   0.7319434E+04   0.3864478E+01
  31   0.1491362E+01  -0.5231947E+00  -0.2813367E+00   0.1911334E+04   0.3281337E+01
  31   0.1491362E+01  -0.2641371E+01   0.4218294E+00   0.3785913E+03   0.2578171E+01
  31   0.1491362E+01  -0.2831720E+01   0.4520504E+00   0.3531422E+03   0.2547950E+01
  31   0.1491362E+01  -0.2858998E+01   0.4562138E+00   0.3497730E+03   0.2543786E+01
  31   0.1491362E+01  -0.3424000E+01   0.5345337E+00   0.2920561E+03   0.2465466E+01


  32   0.1505150E+01  -0.4325461E-02  -0.2363968E+01   0.2311893E+06   0.5363968E+01
  32   0.1505150E+01  -0.5179304E-01  -0.1285729E+01   0.1930761E+05   0.4285729E+01
  32   0.1505150E+01  -0.1346623E+00  -0.8707541E+00   0.7425986E+04   0.3870754E+01
  32   0.1505150E+01  -0.5316443E+00  -0.2743789E+00   0.1880957E+04   0.3274379E+01
  32   0.1505150E+01  -0.2641371E+01   0.4218294E+00   0.3785913E+03   0.2578171E+01
  32   0.1505150E+01  -0.2835022E+01   0.4525565E+00   0.3527309E+03   0.2547444E+01
  32   0.1505150E+01  -0.2859014E+01   0.4562163E+00   0.3497709E+03   0.2543784E+01
  32   0.1505150E+01  -0.3424000E+01   0.5345337E+00   0.2920561E+03   0.2465466E+01


  33   0.1518514E+01  -0.4219141E-02  -0.2374776E+01   0.2370151E+06   0.5374776E+01
  33   0.1518514E+01  -0.5030629E-01  -0.1298378E+01   0.1987823E+05   0.4298378E+01
  33   0.1518514E+01  -0.1328992E+00  -0.8764775E+00   0.7524498E+04   0.3876478E+01
  33   0.1518514E+01  -0.5396306E+00  -0.2679034E+00   0.1853120E+04   0.3267903E+01
  33   0.1518514E+01  -0.2641371E+01   0.4218294E+00   0.3785913E+03   0.2578171E+01
  33   0.1518514E+01  -0.2837975E+01   0.4530086E+00   0.3523639E+03   0.2546991E+01
  33   0.1518514E+01  -0.2859029E+01   0.4562185E+00   0.3497691E+03   0.2543781E+01
  33   0.1518514E+01  -0.3424000E+01   0.5345337E+00   0.2920561E+03   0.2465466E+01


  34   0.1531479E+01  -0.4116163E-02  -0.2385507E+01   0.2429447E+06   0.5385507E+01
  34   0.1531479E+01  -0.4890251E-01  -0.1310669E+01   0.2044885E+05   0.4310669E+01
  34   0.1531479E+01  -0.1313323E+00  -0.8816284E+00   0.7614272E+04   0.3881628E+01
  34   0.1531479E+01  -0.5471679E+00  -0.2618794E+00   0.1827593E+04   0.3261879E+01
  34   0.1531479E+01  -0.2641371E+01   0.4218294E+00   0.3785913E+03   0.2578171E+01
  34   0.1531479E+01  -0.2840607E+01   0.4534112E+00   0.3520374E+03   0.2546589E+01
  34   0.1531479E+01  -0.2859042E+01   0.4562205E+00   0.3497675E+03   0.2543780E+01
  34   0.1531479E+01  -0.3424000E+01   0.5345337E+00   0.2920561E+03   0.2465466E+01


  35   0.1544068E+01  -0.4016582E-02  -0.2396143E+01   0.2489679E+06   0.5396143E+01
  35   0.1544068E+01  -0.4757494E-01  -0.1322622E+01   0.2101947E+05   0.4322622E+01
  35   0.1544068E+01  -0.1299595E+00  -0.8861920E+00   0.7694705E+04   0.3886192E+01
  35   0.1544068E+01  -0.5542723E+00  -0.2562768E+00   0.1804167E+04   0.3256277E+01
  35   0.1544068E+01  -0.2641371E+01   0.4218294E+00   0.3785913E+03   0.2578171E+01
  35   0.1544068E+01  -0.2842946E+01   0.4537686E+00   0.3517478E+03   0.2546231E+01
  35   0.1544068E+01  -0.2859053E+01   0.4562222E+00   0.3497661E+03   0.2543778E+01
  35   0.1544068E+01  -0.3424000E+01   0.5345337E+00   0.2920561E+03   0.2465466E+01


  36   0.1556303E+01  -0.3920407E-02  -0.2406669E+01   0.2550755E+06   0.5406669E+01
  36   0.1556303E+01  -0.4631754E-01  -0.1334254E+01   0.2159009E+05   0.4334254E+01
  36   0.1556303E+01  -0.1287782E+00  -0.8901577E+00   0.7765291E+04   0.3890158E+01
  36   0.1556303E+01  -0.5609616E+00  -0.2510668E+00   0.1782653E+04   0.3251067E+01
  36   0.1556303E+01  -0.2641371E+01   0.4218294E+00   0.3785913E+03   0.2578171E+01
  36   0.1556303E+01  -0.2845018E+01   0.4540850E+00   0.3514916E+03   0.2545915E+01
  36   0.1556303E+01  -0.2859063E+01   0.4562238E+00   0.3497649E+03   0.2543776E+01
  36   0.1556303E+01  -0.3424000E+01   0.5345337E+00   0.2920561E+03   0.2465466E+01


  37   0.1568202E+01  -0.3827616E-02  -0.2417072E+01   0.2612592E+06   0.5417072E+01
  37   0.1568202E+01  -0.4512490E-01  -0.1345584E+01   0.2216071E+05   0.4345584E+01
  37   0.1568202E+01  -0.1277853E+00  -0.8935192E+00   0.7825628E+04   0.3893519E+01
  37   0.1568202E+01  -0.5672545E+00  -0.2462220E+00   0.1762877E+04   0.3246222E+01
  37   0.1568202E+01  -0.2641371E+01   0.4218294E+00   0.3785913E+03   0.2578171E+01
  37   0.1568202E+01  -0.2846849E+01   0.4543644E+00   0.3512656E+03   0.2545636E+01
  37   0.1568202E+01  -0.2859073E+01   0.4562252E+00   0.3497637E+03   0.2543775E+01
  37   0.1568202E+01  -0.3424000E+01   0.5345337E+00   0.2920561E+03   0.2465466E+01


  38   0.1579784E+01  -0.3738159E-02  -0.2427342E+01   0.2675113E+06   0.5427342E+01
  38   0.1579784E+01  -0.4399213E-01  -0.1356625E+01   0.2273134E+05   0.4356625E+01
  38   0.1579784E+01  -0.1269773E+00  -0.8962738E+00   0.7875421E+04   0.3896274E+01
  38   0.1579784E+01  -0.5731702E+00  -0.2417164E+00   0.1744683E+04   0.3241716E+01
  38   0.1579784E+01  -0.2641371E+01   0.4218294E+00   0.3785913E+03   0.2578171E+01
  38   0.1579784E+01  -0.2848462E+01   0.4546104E+00   0.3510666E+03   0.2545390E+01
  38   0.1579784E+01  -0.2859081E+01   0.4562265E+00   0.3497627E+03   0.2543774E+01
  38   0.1579784E+01  -0.3424000E+01   0.5345337E+00   0.2920561E+03   0.2465466E+01


  39   0.1591065E+01  -0.3651967E-02  -0.2437473E+01   0.2738251E+06   0.5437473E+01
  39   0.1591065E+01  -0.4291484E-01  -0.1367393E+01   0.2330196E+05   0.4367393E+01
  39   0.1591065E+01  -0.1263506E+00  -0.8984226E+00   0.7914484E+04   0.3898423E+01
  39   0.1591065E+01  -0.5787280E+00  -0.2375255E+00   0.1727927E+04   0.3237525E+01
  39   0.1591065E+01  -0.2641371E+01   0.4218294E+00   0.3785913E+03   0.2578171E+01
  39   0.1591065E+01  -0.2849881E+01   0.4548267E+00   0.3508919E+03   0.2545173E+01
  39   0.1591065E+01  -0.2859089E+01   0.4562277E+00   0.3497618E+03   0.2543772E+01
  39   0.1591065E+01  -0.3424000E+01   0.5345337E+00   0.2920561E+03   0.2465466E+01


  40   0.1602060E+01  -0.3568954E-02  -0.2447459E+01   0.2801942E+06   0.5447459E+01
  40   0.1602060E+01  -0.4188905E-01  -0.1377900E+01   0.2387259E+05   0.4377900E+01
  40   0.1602060E+01  -0.1259013E+00  -0.8999699E+00   0.7942733E+04   0.3899970E+01
  40   0.1602060E+01  -0.5839474E+00  -0.2336263E+00   0.1712483E+04   0.3233626E+01
  40   0.1602060E+01  -0.2641371E+01   0.4218294E+00   0.3785913E+03   0.2578171E+01
  40   0.1602060E+01  -0.2851125E+01   0.4550163E+00   0.3507387E+03   0.2544984E+01
  40   0.1602060E+01  -0.2859096E+01   0.4562287E+00   0.3497609E+03   0.2543771E+01
  40   0.1602060E+01  -0.3424000E+01   0.5345337E+00   0.2920561E+03   0.2465466E+01


  41   0.1612784E+01  -0.3489026E-02  -0.2457296E+01   0.2866130E+06   0.5457296E+01
  41   0.1612784E+01  -0.4091115E-01  -0.1388158E+01   0.2444322E+05   0.4388158E+01
  41   0.1612784E+01  -0.1256252E+00  -0.9009234E+00   0.7960189E+04   0.3900923E+01
  41   0.1612784E+01  -0.5888473E+00  -0.2299973E+00   0.1698233E+04   0.3229997E+01
  41   0.1612784E+01  -0.2641371E+01   0.4218294E+00   0.3785913E+03   0.2578171E+01
  41   0.1612784E+01  -0.2852215E+01   0.4551822E+00   0.3506048E+03   0.2544818E+01
  41   0.1612784E+01  -0.2859102E+01   0.4562297E+00   0.3497601E+03   0.2543770E+01
  41   0.1612784E+01  -0.3424000E+01   0.5345337E+00   0.2920561E+03   0.2465466E+01


  42   0.1623249E+01  -0.3412081E-02  -0.2466981E+01   0.2930763E+06   0.5466981E+01
  42   0.1623249E+01  -0.3997786E-01  -0.1398180E+01   0.2501384E+05   0.4398180E+01
  42   0.1623249E+01  -0.1255182E+00  -0.9012933E+00   0.7966972E+04   0.3901293E+01
  42   0.1623249E+01  -0.5934462E+00  -0.2266186E+00   0.1685073E+04   0.3226619E+01
  42   0.1623249E+01  -0.2641371E+01   0.4218294E+00   0.3785913E+03   0.2578171E+01
  42   0.1623249E+01  -0.2853167E+01   0.4553271E+00   0.3504878E+03   0.2544673E+01
  42   0.1623249E+01  -0.2859108E+01   0.4562306E+00   0.3497594E+03   0.2543769E+01
  42   0.1623249E+01  -0.3424000E+01   0.5345337E+00   0.2920561E+03   0.2465466E+01


  43   0.1633468E+01  -0.3338011E-02  -0.2476512E+01   0.2995796E+06   0.5476512E+01
  43   0.1633468E+01  -0.3908621E-01  -0.1407976E+01   0.2558447E+05   0.4407976E+01
  43   0.1633468E+01  -0.1255762E+00  -0.9010926E+00   0.7963291E+04   0.3901093E+01
  43   0.1633468E+01  -0.5977621E+00  -0.2234716E+00   0.1672906E+04   0.3223472E+01
  43   0.1633468E+01  -0.2641371E+01   0.4218294E+00   0.3785913E+03   0.2578171E+01
  43   0.1633468E+01  -0.2853997E+01   0.4554535E+00   0.3503858E+03   0.2544546E+01
  43   0.1633468E+01  -0.2859114E+01   0.4562314E+00   0.3497587E+03   0.2543769E+01
  43   0.1633468E+01  -0.3424000E+01   0.5345337E+00   0.2920561E+03   0.2465466E+01


  44   0.1643453E+01  -0.3266708E-02  -0.2485890E+01   0.3061186E+06   0.5485890E+01
  44   0.1643453E+01  -0.3823346E-01  -0.1417556E+01   0.2615510E+05   0.4417556E+01
  44   0.1643453E+01  -0.1257951E+00  -0.9003364E+00   0.7949437E+04   0.3900336E+01
  44   0.1643453E+01  -0.6018122E+00  -0.2205390E+00   0.1661648E+04   0.3220539E+01
  44   0.1643453E+01  -0.2641371E+01   0.4218294E+00   0.3785913E+03   0.2578171E+01
  44   0.1643453E+01  -0.2854720E+01   0.4555635E+00   0.3502970E+03   0.2544436E+01
  44   0.1643453E+01  -0.2859119E+01   0.4562322E+00   0.3497581E+03   0.2543768E+01
  44   0.1643453E+01  -0.3424000E+01   0.5345337E+00   0.2920561E+03   0.2465466E+01


  45   0.1653213E+01  -0.3198062E-02  -0.2495113E+01   0.3126894E+06   0.5495113E+01
  45   0.1653213E+01  -0.3741713E-01  -0.1426930E+01   0.2672573E+05   0.4426930E+01
  45   0.1653213E+01  -0.1261706E+00  -0.8990420E+00   0.7925779E+04   0.3899042E+01
  45   0.1653213E+01  -0.6056129E+00  -0.2178049E+00   0.1651220E+04   0.3217805E+01
  45   0.1653213E+01  -0.2641371E+01   0.4218294E+00   0.3785913E+03   0.2578171E+01
  45   0.1653213E+01  -0.2855349E+01   0.4556592E+00   0.3502199E+03   0.2544341E+01
  45   0.1653213E+01  -0.2859123E+01   0.4562329E+00   0.3497576E+03   0.2543767E+01
  45   0.1653213E+01  -0.3424000E+01   0.5345337E+00   0.2920561E+03   0.2465466E+01


  46   0.1662758E+01  -0.3131962E-02  -0.2504184E+01   0.3192887E+06   0.5504184E+01
  46   0.1662758E+01  -0.3663493E-01  -0.1436105E+01   0.2729636E+05   0.4436105E+01
  46   0.1662758E+01  -0.1266986E+00  -0.8972282E+00   0.7892747E+04   0.3897228E+01
  46   0.1662758E+01  -0.6091798E+00  -0.2152545E+00   0.1641552E+04   0.3215255E+01
  46   0.1662758E+01  -0.2641371E+01   0.4218294E+00   0.3785913E+03   0.2578171E+01
  46   0.1662758E+01  -0.2855895E+01   0.4557422E+00   0.3501530E+03   0.2544258E+01
  46   0.1662758E+01  -0.2859128E+01   0.4562336E+00   0.3497570E+03   0.2543766E+01
  46   0.1662758E+01  -0.3424000E+01   0.5345337E+00   0.2920561E+03   0.2465466E+01


  47   0.1672098E+01  -0.3068301E-02  -0.2513102E+01   0.3259133E+06   0.5513102E+01
  47   0.1672098E+01  -0.3588476E-01  -0.1445090E+01   0.2786698E+05   0.4445090E+01
  47   0.1672098E+01  -0.1273751E+00  -0.8949154E+00   0.7850826E+04   0.3894915E+01
  47   0.1672098E+01  -0.6125278E+00  -0.2128742E+00   0.1632579E+04   0.3212874E+01
  47   0.1672098E+01  -0.2641371E+01   0.4218294E+00   0.3785913E+03   0.2578171E+01
  47   0.1672098E+01  -0.2856368E+01   0.4558141E+00   0.3500950E+03   0.2544186E+01
  47   0.1672098E+01  -0.2859132E+01   0.4562342E+00   0.3497565E+03   0.2543766E+01
  47   0.1672098E+01  -0.3424000E+01   0.5345337E+00   0.2920561E+03   0.2465466E+01


  48   0.1681241E+01  -0.3006973E-02  -0.2521870E+01   0.3325604E+06   0.5521870E+01
  48   0.1681241E+01  -0.3516470E-01  -0.1453893E+01   0.2843761E+05   0.4453893E+01
  48   0.1681241E+01  -0.1281961E+00  -0.8921250E+00   0.7800547E+04   0.3892125E+01
  48   0.1681241E+01  -0.6156708E+00  -0.2106514E+00   0.1624245E+04   0.3210651E+01
  48   0.1681241E+01  -0.2641371E+01   0.4218294E+00   0.3785913E+03   0.2578171E+01
  48   0.1681241E+01  -0.2856777E+01   0.4558764E+00   0.3500448E+03   0.2544124E+01
  48   0.1681241E+01  -0.2859136E+01   0.4562348E+00   0.3497561E+03   0.2543765E+01
  48   0.1681241E+01  -0.3424000E+01   0.5345337E+00   0.2920561E+03   0.2465466E+01


  49   0.1690196E+01  -0.2947874E-02  -0.2530491E+01   0.3392275E+06   0.5530491E+01
  49   0.1690196E+01  -0.3447296E-01  -0.1462521E+01   0.2900824E+05   0.4462521E+01
  49   0.1690196E+01  -0.1291577E+00  -0.8888797E+00   0.7742473E+04   0.3888880E+01
  49   0.1690196E+01  -0.6186220E+00  -0.2085746E+00   0.1616496E+04   0.3208575E+01
  49   0.1690196E+01  -0.2641371E+01   0.4218294E+00   0.3785913E+03   0.2578171E+01
  49   0.1690196E+01  -0.2857131E+01   0.4559302E+00   0.3500014E+03   0.2544070E+01
  49   0.1690196E+01  -0.2859139E+01   0.4562353E+00   0.3497556E+03   0.2543765E+01
  49   0.1690196E+01  -0.3424000E+01   0.5345337E+00   0.2920561E+03   0.2465466E+01


  50   0.1698970E+01  -0.2890906E-02  -0.2538966E+01   0.3459123E+06   0.5538966E+01
  50   0.1698970E+01  -0.3380792E-01  -0.1470982E+01   0.2957887E+05   0.4470982E+01
  50   0.1698970E+01  -0.1302560E+00  -0.8852024E+00   0.7677192E+04   0.3885202E+01
  50   0.1698970E+01  -0.6213938E+00  -0.2066331E+00   0.1609285E+04   0.3206633E+01
  50   0.1698970E+01  -0.2641371E+01   0.4218294E+00   0.3785913E+03   0.2578171E+01
  50   0.1698970E+01  -0.2857437E+01   0.4559767E+00   0.3499640E+03   0.2544023E+01
  50   0.1698970E+01  -0.2859143E+01   0.4562358E+00   0.3497552E+03   0.2543764E+01
  50   0.1698970E+01  -0.3424000E+01   0.5345337E+00   0.2920561E+03   0.2465466E+01


  51   0.1707570E+01  -0.2835971E-02  -0.2547298E+01   0.3526129E+06   0.5547298E+01
  51   0.1707570E+01  -0.3316804E-01  -0.1479280E+01   0.3014950E+05   0.4479280E+01
  51   0.1707570E+01  -0.1314871E+00  -0.8811167E+00   0.7605307E+04   0.3881117E+01
  51   0.1707570E+01  -0.6239977E+00  -0.2048170E+00   0.1602570E+04   0.3204817E+01
  51   0.1707570E+01  -0.2641371E+01   0.4218294E+00   0.3785913E+03   0.2578171E+01
  51   0.1707570E+01  -0.2857701E+01   0.4560167E+00   0.3499317E+03   0.2543983E+01
  51   0.1707570E+01  -0.2859146E+01   0.4562363E+00   0.3497548E+03   0.2543764E+01
  51   0.1707570E+01  -0.3424000E+01   0.5345337E+00   0.2920561E+03   0.2465466E+01


  52   0.1716003E+01  -0.2782978E-02  -0.2555490E+01   0.3593273E+06   0.5555490E+01
  52   0.1716003E+01  -0.3255194E-01  -0.1487423E+01   0.3072013E+05   0.4487423E+01
  52   0.1716003E+01  -0.1328475E+00  -0.8766466E+00   0.7527427E+04   0.3876647E+01
  52   0.1716003E+01  -0.6264447E+00  -0.2031173E+00   0.1596310E+04   0.3203117E+01
  52   0.1716003E+01  -0.2641371E+01   0.4218294E+00   0.3785913E+03   0.2578171E+01
  52   0.1716003E+01  -0.2857928E+01   0.4560512E+00   0.3499039E+03   0.2543949E+01
  52   0.1716003E+01  -0.2859149E+01   0.4562367E+00   0.3497545E+03   0.2543763E+01
  52   0.1716003E+01  -0.3424000E+01   0.5345337E+00   0.2920561E+03   0.2465466E+01


  53   0.1724276E+01  -0.2731837E-02  -0.2563545E+01   0.3660540E+06   0.5563545E+01
  53   0.1724276E+01  -0.3195831E-01  -0.1495416E+01   0.3129076E+05   0.4495416E+01
  53   0.1724276E+01  -0.1343335E+00  -0.8718157E+00   0.7444160E+04   0.3871816E+01
  53   0.1724276E+01  -0.6287448E+00  -0.2015256E+00   0.1590470E+04   0.3201526E+01
  53   0.1724276E+01  -0.2641371E+01   0.4218294E+00   0.3785913E+03   0.2578171E+01
  53   0.1724276E+01  -0.2858123E+01   0.4560809E+00   0.3498800E+03   0.2543919E+01
  53   0.1724276E+01  -0.2859151E+01   0.4562372E+00   0.3497541E+03   0.2543763E+01
  53   0.1724276E+01  -0.3424000E+01   0.5345337E+00   0.2920561E+03   0.2465466E+01


  54   0.1732394E+01  -0.2682464E-02  -0.2571466E+01   0.3727915E+06   0.5571466E+01
  54   0.1732394E+01  -0.3138595E-01  -0.1503265E+01   0.3186139E+05   0.4503265E+01
  54   0.1732394E+01  -0.1359415E+00  -0.8666480E+00   0.7356107E+04   0.3866648E+01
  54   0.1732394E+01  -0.6309075E+00  -0.2000343E+00   0.1585018E+04   0.3200034E+01
  54   0.1732394E+01  -0.2641371E+01   0.4218294E+00   0.3785913E+03   0.2578171E+01
  54   0.1732394E+01  -0.2858291E+01   0.4561064E+00   0.3498594E+03   0.2543894E+01
  54   0.1732394E+01  -0.2859154E+01   0.4562376E+00   0.3497538E+03   0.2543762E+01
  54   0.1732394E+01  -0.3424000E+01   0.5345337E+00   0.2920561E+03   0.2465466E+01


  55   0.1740363E+01  -0.2634778E-02  -0.2579256E+01   0.3795386E+06   0.5579256E+01
  55   0.1740363E+01  -0.3083372E-01  -0.1510974E+01   0.3243202E+05   0.4510974E+01
  55   0.1740363E+01  -0.1376680E+00  -0.8611670E+00   0.7263851E+04   0.3861167E+01
  55   0.1740363E+01  -0.6329417E+00  -0.1986363E+00   0.1579924E+04   0.3198636E+01
  55   0.1740363E+01  -0.2641371E+01   0.4218294E+00   0.3785913E+03   0.2578171E+01
  55   0.1740363E+01  -0.2858435E+01   0.4561284E+00   0.3498418E+03   0.2543872E+01
  55   0.1740363E+01  -0.2859157E+01   0.4562379E+00   0.3497535E+03   0.2543762E+01
  55   0.1740363E+01  -0.3424000E+01   0.5345337E+00   0.2920561E+03   0.2465466E+01


  56   0.1748188E+01  -0.2588702E-02  -0.2586918E+01   0.3862940E+06   0.5586918E+01
  56   0.1748188E+01  -0.3030060E-01  -0.1518549E+01   0.3300265E+05   0.4518549E+01
  56   0.1748188E+01  -0.1395097E+00  -0.8553956E+00   0.7167961E+04   0.3855396E+01
  56   0.1748188E+01  -0.6348557E+00  -0.1973250E+00   0.1575161E+04   0.3197325E+01
  56   0.1748188E+01  -0.2641371E+01   0.4218294E+00   0.3785913E+03   0.2578171E+01
  56   0.1748188E+01  -0.2858559E+01   0.4561471E+00   0.3498266E+03   0.2543853E+01
  56   0.1748188E+01  -0.2859159E+01   0.4562383E+00   0.3497532E+03   0.2543762E+01
  56   0.1748188E+01  -0.3424000E+01   0.5345337E+00   0.2920561E+03   0.2465466E+01


  57   0.1755875E+01  -0.2544162E-02  -0.2594455E+01   0.3930568E+06   0.5594455E+01
  57   0.1755875E+01  -0.2978559E-01  -0.1525994E+01   0.3357328E+05   0.4525994E+01
  57   0.1755875E+01  -0.1414632E+00  -0.8493566E+00   0.7068978E+04   0.3849357E+01
  57   0.1755875E+01  -0.6366570E+00  -0.1960945E+00   0.1570704E+04   0.3196094E+01
  57   0.1755875E+01  -0.2641371E+01   0.4218294E+00   0.3785913E+03   0.2578171E+01
  57   0.1755875E+01  -0.2858665E+01   0.4561632E+00   0.3498137E+03   0.2543837E+01
  57   0.1755875E+01  -0.2859161E+01   0.4562386E+00   0.3497529E+03   0.2543761E+01
  57   0.1755875E+01  -0.3424000E+01   0.5345337E+00   0.2920561E+03   0.2465466E+01


  58   0.1763428E+01  -0.2501088E-02  -0.2601871E+01   0.3998261E+06   0.5601871E+01
  58   0.1763428E+01  -0.2928780E-01  -0.1533313E+01   0.3414391E+05   0.4533313E+01
  58   0.1763428E+01  -0.1435252E+00  -0.8430720E+00   0.6967420E+04   0.3843072E+01
  58   0.1763428E+01  -0.6383530E+00  -0.1949391E+00   0.1566531E+04   0.3194939E+01
  58   0.1763428E+01  -0.2641371E+01   0.4218294E+00   0.3785913E+03   0.2578171E+01
  58   0.1763428E+01  -0.2858755E+01   0.4561770E+00   0.3498026E+03   0.2543823E+01
  58   0.1763428E+01  -0.2859163E+01   0.4562390E+00   0.3497527E+03   0.2543761E+01
  58   0.1763428E+01  -0.3424000E+01   0.5345337E+00   0.2920561E+03   0.2465466E+01


  59   0.1770852E+01  -0.2459414E-02  -0.2609168E+01   0.4066010E+06   0.5609168E+01
  59   0.1770852E+01  -0.2880637E-01  -0.1540511E+01   0.3471454E+05   0.4540511E+01
  59   0.1770852E+01  -0.1456925E+00  -0.8365629E+00   0.6863774E+04   0.3836563E+01
  59   0.1770852E+01  -0.6399502E+00  -0.1938539E+00   0.1562622E+04   0.3193854E+01
  59   0.1770852E+01  -0.2641371E+01   0.4218294E+00   0.3785913E+03   0.2578171E+01
  59   0.1770852E+01  -0.2858833E+01   0.4561887E+00   0.3497931E+03   0.2543811E+01
  59   0.1770852E+01  -0.2859165E+01   0.4562393E+00   0.3497524E+03   0.2543761E+01
  59   0.1770852E+01  -0.3424000E+01   0.5345337E+00   0.2920561E+03   0.2465466E+01


  60   0.1778151E+01  -0.2419076E-02  -0.2616350E+01   0.4133809E+06   0.5616350E+01
  60   0.1778151E+01  -0.2834052E-01  -0.1547592E+01   0.3528517E+05   0.4547592E+01
  60   0.1778151E+01  -0.1479619E+00  -0.8298501E+00   0.6758496E+04   0.3829850E+01
  60   0.1778151E+01  -0.6414548E+00  -0.1928339E+00   0.1558956E+04   0.3192834E+01
  60   0.1778151E+01  -0.2641371E+01   0.4218294E+00   0.3785913E+03   0.2578171E+01
  60   0.1778151E+01  -0.2858899E+01   0.4561988E+00   0.3497850E+03   0.2543801E+01
  60   0.1778151E+01  -0.2859167E+01   0.4562396E+00   0.3497522E+03   0.2543760E+01
  60   0.1778151E+01  -0.3424000E+01   0.5345337E+00   0.2920561E+03   0.2465466E+01


  61   0.1785330E+01  -0.2380017E-02  -0.2623420E+01   0.4201651E+06   0.5623420E+01
  61   0.1785330E+01  -0.2788949E-01  -0.1554559E+01   0.3585580E+05   0.4554559E+01
  61   0.1785330E+01  -0.1503304E+00  -0.8229532E+00   0.6652014E+04   0.3822953E+01
  61   0.1785330E+01  -0.6428728E+00  -0.1918749E+00   0.1555518E+04   0.3191875E+01
  61   0.1785330E+01  -0.2641371E+01   0.4218294E+00   0.3785913E+03   0.2578171E+01
  61   0.1785330E+01  -0.2858955E+01   0.4562073E+00   0.3497781E+03   0.2543793E+01
  61   0.1785330E+01  -0.2859169E+01   0.4562399E+00   0.3497519E+03   0.2543760E+01
  61   0.1785330E+01  -0.3424000E+01   0.5345337E+00   0.2920561E+03   0.2465466E+01


  62   0.1792392E+01  -0.2342177E-02  -0.2630380E+01   0.4269532E+06   0.5630380E+01
  62   0.1792392E+01  -0.2745259E-01  -0.1561417E+01   0.3642643E+05   0.4561417E+01
  62   0.1792392E+01  -0.1527949E+00  -0.8158910E+00   0.6544719E+04   0.3815891E+01
  62   0.1792392E+01  -0.6442095E+00  -0.1909729E+00   0.1552290E+04   0.3190973E+01
  62   0.1792392E+01  -0.2641371E+01   0.4218294E+00   0.3785913E+03   0.2578171E+01
  62   0.1792392E+01  -0.2859003E+01   0.4562146E+00   0.3497723E+03   0.2543785E+01
  62   0.1792392E+01  -0.2859171E+01   0.4562401E+00   0.3497517E+03   0.2543760E+01
  62   0.1792392E+01  -0.3424000E+01   0.5345337E+00   0.2920561E+03   0.2465466E+01


  63   0.1799341E+01  -0.2305505E-02  -0.2637234E+01   0.4337445E+06   0.5637234E+01
  63   0.1799341E+01  -0.2702917E-01  -0.1568167E+01   0.3699706E+05   0.4568167E+01
  63   0.1799341E+01  -0.1553525E+00  -0.8086818E+00   0.6436974E+04   0.3808682E+01
  63   0.1799341E+01  -0.6454699E+00  -0.1901240E+00   0.1549259E+04   0.3190124E+01
  63   0.1799341E+01  -0.2641371E+01   0.4218294E+00   0.3785913E+03   0.2578171E+01
  63   0.1799341E+01  -0.2859044E+01   0.4562208E+00   0.3497673E+03   0.2543779E+01
  63   0.1799341E+01  -0.2859173E+01   0.4562404E+00   0.3497515E+03   0.2543760E+01
  63   0.1799341E+01  -0.3424000E+01   0.5345337E+00   0.2920561E+03   0.2465466E+01


  64   0.1806180E+01  -0.2269948E-02  -0.2643984E+01   0.4405387E+06   0.5643984E+01
  64   0.1806180E+01  -0.2661862E-01  -0.1574815E+01   0.3756769E+05   0.4574815E+01
  64   0.1806180E+01  -0.1580001E+00  -0.8013425E+00   0.6329109E+04   0.3801343E+01
  64   0.1806180E+01  -0.6466587E+00  -0.1893249E+00   0.1546411E+04   0.3189325E+01
  64   0.1806180E+01  -0.2641371E+01   0.4218294E+00   0.3785913E+03   0.2578171E+01
  64   0.1806180E+01  -0.2859078E+01   0.4562261E+00   0.3497631E+03   0.2543774E+01
  64   0.1806180E+01  -0.2859174E+01   0.4562407E+00   0.3497513E+03   0.2543759E+01
  64   0.1806180E+01  -0.3424000E+01   0.5345337E+00   0.2920561E+03   0.2465466E+01


  65   0.1812913E+01  -0.2235459E-02  -0.2650633E+01   0.4473354E+06   0.5650633E+01
  65   0.1812913E+01  -0.2622034E-01  -0.1581362E+01   0.3813832E+05   0.4581362E+01
  65   0.1812913E+01  -0.1607350E+00  -0.7938896E+00   0.6221421E+04   0.3793890E+01
  65   0.1812913E+01  -0.6477804E+00  -0.1885722E+00   0.1543733E+04   0.3188572E+01
  65   0.1812913E+01  -0.2641371E+01   0.4218294E+00   0.3785913E+03   0.2578171E+01
  65   0.1812913E+01  -0.2859108E+01   0.4562305E+00   0.3497595E+03   0.2543770E+01
  65   0.1812913E+01  -0.2859176E+01   0.4562409E+00   0.3497511E+03   0.2543759E+01
  65   0.1812913E+01  -0.3424000E+01   0.5345337E+00   0.2920561E+03   0.2465466E+01


  66   0.1819544E+01  -0.2201992E-02  -0.2657184E+01   0.4541343E+06   0.5657184E+01
  66   0.1819544E+01  -0.2583382E-01  -0.1587811E+01   0.3870895E+05   0.4587811E+01
  66   0.1819544E+01  -0.1635542E+00  -0.7863384E+00   0.6114183E+04   0.3786338E+01
  66   0.1819544E+01  -0.6488389E+00  -0.1878631E+00   0.1541215E+04   0.3187863E+01
  66   0.1819544E+01  -0.2641371E+01   0.4218294E+00   0.3785913E+03   0.2578171E+01
  66   0.1819544E+01  -0.2859132E+01   0.4562342E+00   0.3497565E+03   0.2543766E+01
  66   0.1819544E+01  -0.2859178E+01   0.4562412E+00   0.3497509E+03   0.2543759E+01
  66   0.1819544E+01  -0.3424000E+01   0.5345337E+00   0.2920561E+03   0.2465466E+01


  67   0.1826075E+01  -0.2169503E-02  -0.2663640E+01   0.4609351E+06   0.5663640E+01
  67   0.1826075E+01  -0.2545852E-01  -0.1594167E+01   0.3927958E+05   0.4594167E+01
  67   0.1826075E+01  -0.1664549E+00  -0.7787034E+00   0.6007633E+04   0.3778703E+01
  67   0.1826075E+01  -0.6498382E+00  -0.1871948E+00   0.1538845E+04   0.3187195E+01
  67   0.1826075E+01  -0.2641371E+01   0.4218294E+00   0.3785913E+03   0.2578171E+01
  67   0.1826075E+01  -0.2859152E+01   0.4562373E+00   0.3497540E+03   0.2543763E+01
  67   0.1826075E+01  -0.2859180E+01   0.4562415E+00   0.3497506E+03   0.2543758E+01
  67   0.1826075E+01  -0.3424000E+01   0.5345337E+00   0.2920561E+03   0.2465466E+01


  68   0.1832509E+01  -0.2137951E-02  -0.2670002E+01   0.4677376E+06   0.5670002E+01
  68   0.1832509E+01  -0.2509397E-01  -0.1600431E+01   0.3985021E+05   0.4600431E+01
  68   0.1832509E+01  -0.1694344E+00  -0.7709984E+00   0.5901988E+04   0.3770998E+01
  68   0.1832509E+01  -0.6507817E+00  -0.1865647E+00   0.1536614E+04   0.3186565E+01
  68   0.1832509E+01  -0.2641371E+01   0.4218294E+00   0.3785913E+03   0.2578171E+01
  68   0.1832509E+01  -0.2859167E+01   0.4562396E+00   0.3497522E+03   0.2543760E+01
  68   0.1832509E+01  -0.2859184E+01   0.4562421E+00   0.3497501E+03   0.2543758E+01
  68   0.1832509E+01  -0.3424000E+01   0.5345337E+00   0.2920561E+03   0.2465466E+01


  69   0.1838849E+01  -0.2107298E-02  -0.2676274E+01   0.4745414E+06   0.5676274E+01
  69   0.1838849E+01  -0.2473971E-01  -0.1606605E+01   0.4042084E+05   0.4606605E+01
  69   0.1838849E+01  -0.1724900E+00  -0.7632360E+00   0.5797437E+04   0.3763236E+01
  69   0.1838849E+01  -0.6516729E+00  -0.1859704E+00   0.1534512E+04   0.3185970E+01
  69   0.1838849E+01  -0.2641371E+01   0.4218294E+00   0.3785913E+03   0.2578171E+01
  69   0.1838849E+01  -0.2859176E+01   0.4562408E+00   0.3497512E+03   0.2543759E+01
  69   0.1838849E+01  -0.2859192E+01   0.4562433E+00   0.3497492E+03   0.2543757E+01
  69   0.1838849E+01  -0.3424000E+01   0.5345337E+00   0.2920561E+03   0.2465466E+01


  70   0.1845098E+01  -0.2077505E-02  -0.2682458E+01   0.4813465E+06   0.5682458E+01
  70   0.1845098E+01  -0.2439532E-01  -0.1612694E+01   0.4099147E+05   0.4612694E+01
  70   0.1845098E+01  -0.1756190E+00  -0.7554285E+00   0.5694145E+04   0.3755428E+01
  70   0.1845098E+01  -0.6525148E+00  -0.1854097E+00   0.1532532E+04   0.3185410E+01
  70   0.1845098E+01  -0.2641371E+01   0.4218294E+00   0.3785913E+03   0.2578171E+01
  70   0.1845098E+01  -0.2859179E+01   0.4562413E+00   0.3497507E+03   0.2543759E+01
  70   0.1845098E+01  -0.2859202E+01   0.4562449E+00   0.3497479E+03   0.2543755E+01
  70   0.1845098E+01  -0.3424000E+01   0.5345337E+00   0.2920561E+03   0.2465466E+01


  71   0.1851258E+01  -0.2048539E-02  -0.2688556E+01   0.4881527E+06   0.5688556E+01
  71   0.1851258E+01  -0.2406038E-01  -0.1618698E+01   0.4156211E+05   0.4618698E+01
  71   0.1851258E+01  -0.1788187E+00  -0.7475870E+00   0.5592255E+04   0.3747587E+01
  71   0.1851258E+01  -0.6533103E+00  -0.1848805E+00   0.1530666E+04   0.3184881E+01
  71   0.1851258E+01  -0.2641371E+01   0.4218294E+00   0.3785913E+03   0.2578171E+01
  71   0.1851258E+01  -0.2859181E+01   0.4562416E+00   0.3497505E+03   0.2543758E+01
  71   0.1851258E+01  -0.2859212E+01   0.4562464E+00   0.3497467E+03   0.2543754E+01
  71   0.1851258E+01  -0.3424000E+01   0.5345337E+00   0.2920561E+03   0.2465466E+01


  72   0.1857332E+01  -0.2020366E-02  -0.2694570E+01   0.4949598E+06   0.5694570E+01
  72   0.1857332E+01  -0.2373451E-01  -0.1624620E+01   0.4213274E+05   0.4624620E+01
  72   0.1857332E+01  -0.1820866E+00  -0.7397220E+00   0.5491892E+04   0.3739722E+01
  72   0.1857332E+01  -0.6540622E+00  -0.1843810E+00   0.1528907E+04   0.3184381E+01
  72   0.1857332E+01  -0.2641371E+01   0.4218294E+00   0.3785913E+03   0.2578171E+01
  72   0.1857332E+01  -0.2859182E+01   0.4562419E+00   0.3497503E+03   0.2543758E+01
  72   0.1857332E+01  -0.2859221E+01   0.4562477E+00   0.3497457E+03   0.2543752E+01
  72   0.1857332E+01  -0.3424000E+01   0.5345337E+00   0.2920561E+03   0.2465466E+01
